stem	llfpm10	suffix	suffix_initial	back	front	varies	stem_intercept	stem_intercept_c	stem_intercept_v	stem_intercept_simple	stem_intercept_c_simple	stem_intercept_v_simple	suffix_intercept	suffix_intercept_c	suffix_intercept_v	intercept_c_minus_v	intercept_c_minus_v_simple
bojler	1.4702901013537286	Abl	C	2	51	TRUE	-0.9236572571973317	0.21723987388949814	-0.6400632859551769	-0.5893764329866995	-0.3516758454901659	0.19594631992500483	-0.871239227086619	-0.9615131006768824	NA	0.8573031598446761	-0.547622165415163
bojler	1.4702901013537286	Poss.1Pl	V	20	211	TRUE	-0.9236572571973317	0.21723987388949814	-0.6400632859551769	-0.5893764329866995	-0.3516758454901659	0.19594631992500483	0.15310165641401538	NA	1.2295600722356197	0.8573031598446761	-0.547622165415163
bojler	1.4702901013537286	Poss.1Sg	V	4	97	TRUE	-0.9236572571973317	0.21723987388949814	-0.6400632859551769	-0.5893764329866995	-0.3516758454901659	0.19594631992500483	0.7438144784588202	NA	1.5973279087968308	0.8573031598446761	-0.547622165415163
bojler	1.4702901013537286	Poss.3Sg	C	2	10	TRUE	-0.9236572571973317	0.21723987388949814	-0.6400632859551769	-0.5893764329866995	-0.3516758454901659	0.19594631992500483	0.34265423359786434	0.449770007868573	-0.11457998858783418	0.8573031598446761	-0.547622165415163
bojler	1.4702901013537286	Poss.3Sg	V	2	389	TRUE	-0.9236572571973317	0.21723987388949814	-0.6400632859551769	-0.5893764329866995	-0.3516758454901659	0.19594631992500483	0.34265423359786434	0.449770007868573	-0.11457998858783418	0.8573031598446761	-0.547622165415163
projekt	3.416526341311925	Pl	V	2	233695	TRUE	-5.432856007209687	-5.494075100668288	-5.278339174278509	-5.461796532717187	-5.208883494236493	-5.346205113610408	-1.3950395672621765	NA	-0.6092984900084293	-0.2157359263897689	0.13732161937392107
modell	3.2458076642479075	Pl	V	2	210429	TRUE	-4.943735431628447	-5.0815781914209595	-4.823004150794277	-5.067962069713086	-4.94297836846933	-5.182356398677793	-1.3950395672621765	NA	-0.6092984900084293	-0.25857404062668365	0.2393780302084707
partner	3.170887565855278	Pl	V	13	156807	TRUE	-4.237640573949965	-2.6397879938328885	-5.5093527786781475	-4.2387020640889626	-2.88340224090286	-4.934728979308532	-1.3950395672621765	NA	-0.6092984900084293	2.8695647848452666	2.0513267384056775
koncert	3.0752510936798796	Acc	V	1	137740	TRUE	-6.009157815699876	-5.877877815512749	-6.35133466720042	-5.9821708966967515	-5.6251713725767	-6.006673368135875	-0.29383043118284424	NA	0.1555929746945892	0.47345685168767204	0.3815019955591765
partner	3.170887565855278	Poss.3Sg	V	1	122551	TRUE	-4.237640573949965	-2.6397879938328885	-5.5093527786781475	-4.2387020640889626	-2.88340224090286	-4.934728979308532	0.34265423359786434	0.449770007868573	-0.11457998858783418	2.8695647848452666	2.0513267384056775
projekt	3.416526341311925	Acc	V	12	113771	TRUE	-5.432856007209687	-5.494075100668288	-5.278339174278509	-5.461796532717187	-5.208883494236493	-5.346205113610408	-0.29383043118284424	NA	0.1555929746945892	-0.2157359263897689	0.13732161937392107
szoftver	2.8823776554889804	Pl	V	1	93222	TRUE	-4.848207366947437	-5.037527390650401	-4.525476948772607	-5.244181013490532	-5.1157255540248725	-4.758345928427333	-1.3950395672621765	NA	-0.6092984900084293	-0.5120504418777898	-0.3573796255975452
koncert	3.0752510936798796	Supe	V	4	86590	TRUE	-6.009157815699876	-5.877877815512749	-6.35133466720042	-5.9821708966967515	-5.6251713725767	-6.006673368135875	-0.668605230393597	NA	0.3784998623009394	0.47345685168767204	0.3815019955591765
projekt	3.416526341311925	Ine	C	14	80887	TRUE	-5.432856007209687	-5.494075100668288	-5.278339174278509	-5.461796532717187	-5.208883494236493	-5.346205113610408	0.6678142040557484	0.48128711825515536	NA	-0.2157359263897689	0.13732161937392107
modell	3.2458076642479075	Poss.3Sg	C	33	76747	TRUE	-4.943735431628447	-5.0815781914209595	-4.823004150794277	-5.067962069713086	-4.94297836846933	-5.182356398677793	0.34265423359786434	0.449770007868573	-0.11457998858783418	-0.25857404062668365	0.2393780302084707
partner	3.170887565855278	Poss.1Pl	V	27	67818	TRUE	-4.237640573949965	-2.6397879938328885	-5.5093527786781475	-4.2387020640889626	-2.88340224090286	-4.934728979308532	0.15310165641401538	NA	1.2295600722356197	2.8695647848452666	2.0513267384056775
hotel	2.9641042281879626	Ine	C	4069	57356	TRUE	-0.6133259011748744	-0.6057658584826261	-1.0234829659850166	-0.2668362718090401	-0.3093944322146263	-0.9627754179609971	0.6678142040557484	0.48128711825515536	NA	0.41771710750238356	0.6533809857463666
koncert	3.0752510936798796	Poss.3Sg	C	11	56643	TRUE	-6.009157815699876	-5.877877815512749	-6.35133466720042	-5.9821708966967515	-5.6251713725767	-6.006673368135875	0.34265423359786434	0.449770007868573	-0.11457998858783418	0.47345685168767204	0.3815019955591765
koncert	3.0752510936798796	Subl	C	18	50442	TRUE	-6.009157815699876	-5.877877815512749	-6.35133466720042	-5.9821708966967515	-5.6251713725767	-6.006673368135875	0.4733699064456612	0.20293628635125044	NA	0.47345685168767204	0.3815019955591765
projekt	3.416526341311925	Poss.3Sg	C	3	44663	TRUE	-5.432856007209687	-5.494075100668288	-5.278339174278509	-5.461796532717187	-5.208883494236493	-5.346205113610408	0.34265423359786434	0.449770007868573	-0.11457998858783418	-0.2157359263897689	0.13732161937392107
modell	3.2458076642479075	Subl	C	14	38062	TRUE	-4.943735431628447	-5.0815781914209595	-4.823004150794277	-5.067962069713086	-4.94297836846933	-5.182356398677793	0.4733699064456612	0.20293628635125044	NA	-0.25857404062668365	0.2393780302084707
kábel	2.5255200123429824	Pl	V	48	36121	TRUE	-1.9182344874011954	-1.665743510161935	-2.64570839835132	-2.279435937498378	-1.795492792098046	-2.7048180941551365	-1.3950395672621765	NA	-0.6092984900084293	0.9799648881893859	0.9093253020570984
modell	3.2458076642479075	Ine	C	10	31805	TRUE	-4.943735431628447	-5.0815781914209595	-4.823004150794277	-5.067962069713086	-4.94297836846933	-5.182356398677793	0.6678142040557484	0.48128711825515536	NA	-0.25857404062668365	0.2393780302084707
szoftver	2.8823776554889804	Ins	C	6	31320	TRUE	-4.848207366947437	-5.037527390650401	-4.525476948772607	-5.244181013490532	-5.1157255540248725	-4.758345928427333	0.0387951515658291	-0.18567474815799134	NA	-0.5120504418777898	-0.3573796255975452
modell	3.2458076642479075	Ins	C	7	30857	TRUE	-4.943735431628447	-5.0815781914209595	-4.823004150794277	-5.067962069713086	-4.94297836846933	-5.182356398677793	0.0387951515658291	-0.18567474815799134	NA	-0.25857404062668365	0.2393780302084707
szovjet	2.59966886920045	Pl	V	3	30054	TRUE	-4.180216730124447	-0.9556959187548019	-5.026352006514041	-5.504641410165539	-1.3735788594111211	-5.5841093550202725	-1.3950395672621765	NA	-0.6092984900084293	4.070656087759247	4.210530495609149
projekt	3.416526341311925	Ins	C	6	29986	TRUE	-5.432856007209687	-5.494075100668288	-5.278339174278509	-5.461796532717187	-5.208883494236493	-5.346205113610408	0.0387951515658291	-0.18567474815799134	NA	-0.2157359263897689	0.13732161937392107
projekt	3.416526341311925	Dat	C	6	27187	TRUE	-5.432856007209687	-5.494075100668288	-5.278339174278509	-5.461796532717187	-5.208883494236493	-5.346205113610408	-0.2774614553759155	-0.3906857246386013	NA	-0.2157359263897689	0.13732161937392107
panel	2.4164305848960708	Pl	V	1439	26502	TRUE	1.2962506675275407	1.3510573303496098	1.0490957184757776	1.060211173155013	1.4982037187111807	0.9850695221411259	-1.3950395672621765	NA	-0.6092984900084293	0.3019616118738213	0.51313419657005
docens	2.334254917204184	Poss.3Sg	V	5	26336	TRUE	-5.998272278014584	-3.1704518103913824	-4.92959358497897	-5.6385416200031315	-3.3730794260287356	-5.004683592497321	0.34265423359786434	0.449770007868573	-0.11457998858783418	1.7591417745875901	1.631604166468577
koncert	3.0752510936798796	Ins	C	1	25667	TRUE	-6.009157815699876	-5.877877815512749	-6.35133466720042	-5.9821708966967515	-5.6251713725767	-6.006673368135875	0.0387951515658291	-0.18567474815799134	NA	0.47345685168767204	0.3815019955591765
partner	3.170887565855278	Ins	C	106	25642	TRUE	-4.237640573949965	-2.6397879938328885	-5.5093527786781475	-4.2387020640889626	-2.88340224090286	-4.934728979308532	0.0387951515658291	-0.18567474815799134	NA	2.8695647848452666	2.0513267384056775
hotel	2.9641042281879626	Pl	V	211	25061	TRUE	-0.6133259011748744	-0.6057658584826261	-1.0234829659850166	-0.2668362718090401	-0.3093944322146263	-0.9627754179609971	-1.3950395672621765	NA	-0.6092984900084293	0.41771710750238356	0.6533809857463666
projekt	3.416526341311925	Subl	C	24	22052	TRUE	-5.432856007209687	-5.494075100668288	-5.278339174278509	-5.461796532717187	-5.208883494236493	-5.346205113610408	0.4733699064456612	0.20293628635125044	NA	-0.2157359263897689	0.13732161937392107
kábel	2.5255200123429824	Ins	C	328	21391	TRUE	-1.9182344874011954	-1.665743510161935	-2.64570839835132	-2.279435937498378	-1.795492792098046	-2.7048180941551365	0.0387951515658291	-0.18567474815799134	NA	0.9799648881893859	0.9093253020570984
haver	2.2866022611361054	Pl	V	20730	140	TRUE	7.858040315490662	6.51741962550768	8.80008836561386	7.329312325716447	6.429911701261939	8.824082393405913	-1.3950395672621765	NA	-0.6092984900084293	-2.2826687401061747	-2.394170692143973
projekt	3.416526341311925	Ill	C	15	20570	TRUE	-5.432856007209687	-5.494075100668288	-5.278339174278509	-5.461796532717187	-5.208883494236493	-5.346205113610408	1.217385048670586	1.0318553022748764	NA	-0.2157359263897689	0.13732161937392107
modell	3.2458076642479075	Dat	C	15	20485	TRUE	-4.943735431628447	-5.0815781914209595	-4.823004150794277	-5.067962069713086	-4.94297836846933	-5.182356398677793	-0.2774614553759155	-0.3906857246386013	NA	-0.25857404062668365	0.2393780302084707
modell	3.2458076642479075	Pl.Poss.3Sg	C	6	19984	TRUE	-4.943735431628447	-5.0815781914209595	-4.823004150794277	-5.067962069713086	-4.94297836846933	-5.182356398677793	-0.3660503852105195	-0.17826185132906647	-0.9979505042302497	-0.25857404062668365	0.2393780302084707
partner	3.170887565855278	Dat	C	188	19802	TRUE	-4.237640573949965	-2.6397879938328885	-5.5093527786781475	-4.2387020640889626	-2.88340224090286	-4.934728979308532	-0.2774614553759155	-0.3906857246386013	NA	2.8695647848452666	2.0513267384056775
projekt	3.416526341311925	Del	C	32	18990	TRUE	-5.432856007209687	-5.494075100668288	-5.278339174278509	-5.461796532717187	-5.208883494236493	-5.346205113610408	-0.2453854872081973	-0.4580533634530304	NA	-0.2157359263897689	0.13732161937392107
haver	2.2866022611361054	Poss.1Sg	V	18757	15	TRUE	7.858040315490662	6.51741962550768	8.80008836561386	7.329312325716447	6.429911701261939	8.824082393405913	0.7438144784588202	NA	1.5973279087968308	-2.2826687401061747	-2.394170692143973
sláger	2.2587678514546465	Pl	V	3	18632	TRUE	-3.6232051067595905	-2.883377868949307	-5.229198247351178	-4.041672431051077	-3.141718939777423	-4.748130832839156	-1.3950395672621765	NA	-0.6092984900084293	2.345820378401868	1.6064118930617326
kábel	2.5255200123429824	Supe	V	55	16753	TRUE	-1.9182344874011954	-1.665743510161935	-2.64570839835132	-2.279435937498378	-1.795492792098046	-2.7048180941551365	-0.668605230393597	NA	0.3784998623009394	0.9799648881893859	0.9093253020570984
modell	3.2458076642479075	All	C	1	16519	TRUE	-4.943735431628447	-5.0815781914209595	-4.823004150794277	-5.067962069713086	-4.94297836846933	-5.182356398677793	-0.359133664992004	-0.5272796117155265	NA	-0.25857404062668365	0.2393780302084707
partner	3.170887565855278	Poss.2Sg	V	8	15409	TRUE	-4.237640573949965	-2.6397879938328885	-5.5093527786781475	-4.2387020640889626	-2.88340224090286	-4.934728979308532	0.3537450289204624	NA	1.2067254700130272	2.8695647848452666	2.0513267384056775
panel	2.4164305848960708	Supe	V	1837	14549	TRUE	1.2962506675275407	1.3510573303496098	1.0490957184757776	1.060211173155013	1.4982037187111807	0.9850695221411259	-0.668605230393597	NA	0.3784998623009394	0.3019616118738213	0.51313419657005
projekt	3.416526341311925	Poss.1Pl	V	36	14510	TRUE	-5.432856007209687	-5.494075100668288	-5.278339174278509	-5.461796532717187	-5.208883494236493	-5.346205113610408	0.15310165641401538	NA	1.2295600722356197	-0.2157359263897689	0.13732161937392107
drukker	1.599349006057054	Pl	V	9	14408	TRUE	-2.4562286593819582	-1.151812998292156	-3.067532656447431	-3.679238732866685	-1.5683133037763932	-3.5855037684676825	-1.3950395672621765	NA	-0.6092984900084293	1.9157196581552682	2.0171904646912964
klaszter	1.9252273729939529	Pl	V	5	13231	TRUE	-2.540517871050928	-2.3169921818981094	-3.688394752857886	-2.8669250367186976	-1.9180746758248954	-4.19382288102171	-1.3950395672621765	NA	-0.6092984900084293	1.3714025709597735	2.2757482051968054
hotel	2.9641042281879626	Abl	C	163	12626	TRUE	-0.6133259011748744	-0.6057658584826261	-1.0234829659850166	-0.2668362718090401	-0.3093944322146263	-0.9627754179609971	-0.871239227086619	-0.9615131006768824	NA	0.41771710750238356	0.6533809857463666
modell	3.2458076642479075	Supe	V	1	12423	TRUE	-4.943735431628447	-5.0815781914209595	-4.823004150794277	-5.067962069713086	-4.94297836846933	-5.182356398677793	-0.668605230393597	NA	0.3784998623009394	-0.25857404062668365	0.2393780302084707
koncert	3.0752510936798796	Del	C	4	12315	TRUE	-6.009157815699876	-5.877877815512749	-6.35133466720042	-5.9821708966967515	-5.6251713725767	-6.006673368135875	-0.2453854872081973	-0.4580533634530304	NA	0.47345685168767204	0.3815019955591765
partner	3.170887565855278	Subl	C	53	11508	TRUE	-4.237640573949965	-2.6397879938328885	-5.5093527786781475	-4.2387020640889626	-2.88340224090286	-4.934728979308532	0.4733699064456612	0.20293628635125044	NA	2.8695647848452666	2.0513267384056775
szlogen	1.9318761017045023	Poss.3Sg	C	8	11442	TRUE	-4.474273341733412	-4.7513515748145165	-3.038743650855248	-4.272073159209653	-4.503551359734178	-3.5956688422866545	0.34265423359786434	0.449770007868573	-0.11457998858783418	-1.7126079239592684	-0.9078825174475185
modell	3.2458076642479075	Ade	C	2	11136	TRUE	-4.943735431628447	-5.0815781914209595	-4.823004150794277	-5.067962069713086	-4.94297836846933	-5.182356398677793	-0.07305699737370619	-0.2530423083853684	NA	-0.25857404062668365	0.2393780302084707
partner	3.170887565855278	Poss.1Sg	V	15	10686	TRUE	-4.237640573949965	-2.6397879938328885	-5.5093527786781475	-4.2387020640889626	-2.88340224090286	-4.934728979308532	0.7438144784588202	NA	1.5973279087968308	2.8695647848452666	2.0513267384056775
hotel	2.9641042281879626	Ill	C	1640	10613	TRUE	-0.6133259011748744	-0.6057658584826261	-1.0234829659850166	-0.2668362718090401	-0.3093944322146263	-0.9627754179609971	1.217385048670586	1.0318553022748764	NA	0.41771710750238356	0.6533809857463666
dzsungel	1.8138983008598983	Ine	C	258	10604	TRUE	-1.6325549408389175	-1.6287282323740715	-2.7438071454193067	-0.9762003136099631	-1.1495040589912844	-2.6983360667888165	0.6678142040557484	0.48128711825515536	NA	1.115078913045238	1.5488320077975288
haver	2.2866022611361054	Poss.3Sg	C	10264	15	TRUE	7.858040315490662	6.51741962550768	8.80008836561386	7.329312325716447	6.429911701261939	8.824082393405913	0.34265423359786434	0.449770007868573	-0.11457998858783418	-2.2826687401061747	-2.394170692143973
projekt	3.416526341311925	Pl.Poss.3Sg	C	1	10123	TRUE	-5.432856007209687	-5.494075100668288	-5.278339174278509	-5.461796532717187	-5.208883494236493	-5.346205113610408	-0.3660503852105195	-0.17826185132906647	-0.9979505042302497	-0.2157359263897689	0.13732161937392107
modell	3.2458076642479075	Del	C	23	9534	TRUE	-4.943735431628447	-5.0815781914209595	-4.823004150794277	-5.067962069713086	-4.94297836846933	-5.182356398677793	-0.2453854872081973	-0.4580533634530304	NA	-0.25857404062668365	0.2393780302084707
modell	3.2458076642479075	Ela	C	27	9391	TRUE	-4.943735431628447	-5.0815781914209595	-4.823004150794277	-5.067962069713086	-4.94297836846933	-5.182356398677793	0.33031806042080036	0.18036767800177328	NA	-0.25857404062668365	0.2393780302084707
szoftver	2.8823776554889804	Ine	C	4	9343	TRUE	-4.848207366947437	-5.037527390650401	-4.525476948772607	-5.244181013490532	-5.1157255540248725	-4.758345928427333	0.6678142040557484	0.48128711825515536	NA	-0.5120504418777898	-0.3573796255975452
partner	3.170887565855278	Poss.3Pl	V	15	8899	TRUE	-4.237640573949965	-2.6397879938328885	-5.5093527786781475	-4.2387020640889626	-2.88340224090286	-4.934728979308532	1.2847635233137833	1.3034409700990126	2.62620257684233	2.8695647848452666	2.0513267384056775
szlogen	1.9318761017045023	Ins	C	6	8867	TRUE	-4.474273341733412	-4.7513515748145165	-3.038743650855248	-4.272073159209653	-4.503551359734178	-3.5956688422866545	0.0387951515658291	-0.18567474815799134	NA	-1.7126079239592684	-0.9078825174475185
modell	3.2458076642479075	Abl	C	4	8658	TRUE	-4.943735431628447	-5.0815781914209595	-4.823004150794277	-5.067962069713086	-4.94297836846933	-5.182356398677793	-0.871239227086619	-0.9615131006768824	NA	-0.25857404062668365	0.2393780302084707
farmer	1.984242209298364	Pl	V	518	8498	TRUE	1.6783249816660524	1.7041189567438315	1.5493177130649716	1.64257520131194	1.820925303598231	1.6247447009729654	-1.3950395672621765	NA	-0.6092984900084293	0.15480124367886106	0.1961806026252617
fotel	1.918034842594317	Ine	C	4069	8185	TRUE	1.4314877837785018	1.345735794516804	1.9904706343461613	1.868852526897838	1.7632267152327532	1.8069164582978572	0.6678142040557484	0.48128711825515536	NA	-0.6447348398293684	-0.04368974306511575
poszter	1.7624880360068378	Pl	V	2	7755	TRUE	-2.5545974228663604	-2.1518029068387117	-3.230324375092584	-3.13694212077343	-2.2935237887373456	-3.3791508765116385	-1.3950395672621765	NA	-0.6092984900084293	1.078521468253868	1.0856270877742986
koncert	3.0752510936798796	Poss.3Pl	C	15	7556	TRUE	-6.009157815699876	-5.877877815512749	-6.35133466720042	-5.9821708966967515	-5.6251713725767	-6.006673368135875	1.2847635233137833	1.3034409700990126	2.62620257684233	0.47345685168767204	0.3815019955591765
modem	1.8046211752050836	Acc	V	20	7322	TRUE	-2.705455674473216	-2.721219483326244	-2.4834319679243997	-2.765776541416366	-2.795085734628752	-2.0955737370732432	-0.29383043118284424	NA	0.1555929746945892	-0.23778751540183407	-0.6995119975555184
konzerv	1.762724386751122	Acc	V	44	7286	TRUE	-2.5201384267720455	-3.6695204075891534	-1.8015236780790072	-2.7600041364864163	-3.4510739122710548	-1.8219766366180095	-0.29383043118284424	NA	0.1555929746945892	-1.8679967295101392	-1.6290972756530522
hardver	2.192226286470405	Ins	C	18	7060	TRUE	-2.5684018347851207	-2.6319617685230883	-2.362358860290981	-2.3842424314789215	-2.6616565314643865	-1.5406448640301422	0.0387951515658291	-0.18567474815799134	NA	-0.26960290823210187	-1.1210116674342459
szoftver	2.8823776554889804	Subl	C	2	7037	TRUE	-4.848207366947437	-5.037527390650401	-4.525476948772607	-5.244181013490532	-5.1157255540248725	-4.758345928427333	0.4733699064456612	0.20293628635125044	NA	-0.5120504418777898	-0.3573796255975452
kódex	2.156884917051594	Subl	C	4	6680	TRUE	-4.6845587063608845	-4.68142945939848	-4.389705789044701	-4.21900542622551	-4.528059751839257	-1.8907275261784378	0.4733699064456612	0.20293628635125044	NA	-0.29172367035378954	-2.6373322256608134
projekt	3.416526341311925	Ela	C	24	6655	TRUE	-5.432856007209687	-5.494075100668288	-5.278339174278509	-5.461796532717187	-5.208883494236493	-5.346205113610408	0.33031806042080036	0.18036767800177328	NA	-0.2157359263897689	0.13732161937392107
skanzen	1.4895721276614022	Ine	C	563	6571	TRUE	-0.4615603606022684	-0.47669930815304473	NA	0.24047152769577637	-0.040665655407854905	NA	0.6678142040557484	0.48128711825515536	NA	NA	NA
szoftver	2.8823776554889804	Dat	C	4	6458	TRUE	-4.848207366947437	-5.037527390650401	-4.525476948772607	-5.244181013490532	-5.1157255540248725	-4.758345928427333	-0.2774614553759155	-0.3906857246386013	NA	-0.5120504418777898	-0.3573796255975452
matek	1.7446768078145567	Ela	C	6346	104	TRUE	6.8304842457962485	6.212971512952543	9.730822710355138	6.812071678119024	6.135974662869725	9.943819679584	0.33031806042080036	0.18036767800177328	NA	-3.5178511974025923	-3.8078450167142677
modell	3.2458076642479075	Ill	C	4	6342	TRUE	-4.943735431628447	-5.0815781914209595	-4.823004150794277	-5.067962069713086	-4.94297836846933	-5.182356398677793	1.217385048670586	1.0318553022748764	NA	-0.25857404062668365	0.2393780302084707
kódex	2.156884917051594	Ine	C	4	6296	TRUE	-4.6845587063608845	-4.68142945939848	-4.389705789044701	-4.21900542622551	-4.528059751839257	-1.8907275261784378	0.6678142040557484	0.48128711825515536	NA	-0.29172367035378954	-2.6373322256608134
hotel	2.9641042281879626	Dat	C	210	6212	TRUE	-0.6133259011748744	-0.6057658584826261	-1.0234829659850166	-0.2668362718090401	-0.3093944322146263	-0.9627754179609971	-0.2774614553759155	-0.3906857246386013	NA	0.41771710750238356	0.6533809857463666
modell	3.2458076642479075	Poss.1Pl	V	34	6148	TRUE	-4.943735431628447	-5.0815781914209595	-4.823004150794277	-5.067962069713086	-4.94297836846933	-5.182356398677793	0.15310165641401538	NA	1.2295600722356197	-0.25857404062668365	0.2393780302084707
hotel	2.9641042281879626	Supe	V	13	6010	TRUE	-0.6133259011748744	-0.6057658584826261	-1.0234829659850166	-0.2668362718090401	-0.3093944322146263	-0.9627754179609971	-0.668605230393597	NA	0.3784998623009394	0.41771710750238356	0.6533809857463666
pollen	1.5346232211256754	Pl	V	1	5956	TRUE	-3.9585721424274696	-3.9520781175279307	-4.329927192954612	-4.401246377303276	-3.6698042910987394	-4.869365974064371	-1.3950395672621765	NA	-0.6092984900084293	0.3778490754266812	1.1995616829656228
koncert	3.0752510936798796	Poss.1Pl	V	10	5800	TRUE	-6.009157815699876	-5.877877815512749	-6.35133466720042	-5.9821708966967515	-5.6251713725767	-6.006673368135875	0.15310165641401538	NA	1.2295600722356197	0.47345685168767204	0.3815019955591765
makett	1.6926464808727033	Pl	V	22	5769	TRUE	-1.0411884671130949	-1.0139893007779466	-1.2377042741733317	-1.292344448504063	-0.8669586642070028	-1.205641646415892	-1.3950395672621765	NA	-0.6092984900084293	0.22371497339537427	0.33868298220889415
matek	1.7446768078145567	Acc	V	5639	8	TRUE	6.8304842457962485	6.212971512952543	9.730822710355138	6.812071678119024	6.135974662869725	9.943819679584	-0.29383043118284424	NA	0.1555929746945892	-3.5178511974025923	-3.8078450167142677
projekt	3.416526341311925	Poss.3Pl	C	10	5563	TRUE	-5.432856007209687	-5.494075100668288	-5.278339174278509	-5.461796532717187	-5.208883494236493	-5.346205113610408	1.2847635233137833	1.3034409700990126	2.62620257684233	-0.2157359263897689	0.13732161937392107
szoftver	2.8823776554889804	All	C	1	5431	TRUE	-4.848207366947437	-5.037527390650401	-4.525476948772607	-5.244181013490532	-5.1157255540248725	-4.758345928427333	-0.359133664992004	-0.5272796117155265	NA	-0.5120504418777898	-0.3573796255975452
fotel	1.918034842594317	Pl	V	754	5282	TRUE	1.4314877837785018	1.345735794516804	1.9904706343461613	1.868852526897838	1.7632267152327532	1.8069164582978572	-1.3950395672621765	NA	-0.6092984900084293	-0.6447348398293684	-0.04368974306511575
parkett	1.1773690982060443	Supe	V	47	4988	TRUE	-0.5655949854887071	-0.30994612260019166	-1.0774818163143118	-0.6176946694168769	-0.19433755901866664	-0.6900134144769373	-0.668605230393597	NA	0.3784998623009394	0.7675356937141231	0.4956758554582734
mágnes	1.8441518280462148	Ins	C	3	4948	TRUE	-3.855580201204639	-3.828167106280691	NA	-3.7797480753819483	-4.0439184699360045	NA	0.0387951515658291	-0.18567474815799134	NA	NA	NA
konzerv	1.762724386751122	Pl	V	1	4946	TRUE	-2.5201384267720455	-3.6695204075891534	-1.8015236780790072	-2.7600041364864163	-3.4510739122710548	-1.8219766366180095	-1.3950395672621765	NA	-0.6092984900084293	-1.8679967295101392	-1.6290972756530522
kábel	2.5255200123429824	Subl	C	93	4931	TRUE	-1.9182344874011954	-1.665743510161935	-2.64570839835132	-2.279435937498378	-1.795492792098046	-2.7048180941551365	0.4733699064456612	0.20293628635125044	NA	0.9799648881893859	0.9093253020570984
rocker	1.3774960070047173	Pl	V	1	4881	TRUE	-2.5731349269816755	-1.9154659573448336	-4.142360593632641	-3.537133343091516	-2.241880303780773	-4.681421378830132	-1.3950395672621765	NA	-0.6092984900084293	2.2268946362878097	2.4395410750493625
panel	2.4164305848960708	Ins	C	689	4872	TRUE	1.2962506675275407	1.3510573303496098	1.0490957184757776	1.060211173155013	1.4982037187111807	0.9850695221411259	0.0387951515658291	-0.18567474815799134	NA	0.3019616118738213	0.51313419657005
panel	2.4164305848960708	Ine	C	4832	4651	TRUE	1.2962506675275407	1.3510573303496098	1.0490957184757776	1.060211173155013	1.4982037187111807	0.9850695221411259	0.6678142040557484	0.48128711825515536	NA	0.3019616118738213	0.51313419657005
ágens	1.3130456667326265	Pl	V	1	4776	TRUE	-2.843169907285617	-1.9977715357197305	-3.636797066124861	-3.9496943369949227	-2.47530953146927	-4.1439442613841955	-1.3950395672621765	NA	-0.6092984900084293	1.639025530405121	1.6686347299149276
haver	2.2866022611361054	Pl.Poss.3Sg	C	4757	4	TRUE	7.858040315490662	6.51741962550768	8.80008836561386	7.329312325716447	6.429911701261939	8.824082393405913	-0.3660503852105195	-0.17826185132906647	-0.9979505042302497	-2.2826687401061747	-2.394170692143973
balett	2.009241501756081	Acc	V	604	4587	TRUE	0.9812276996892723	0.9396377843711519	1.2998800241934645	1.0119635103266111	0.9490038959985841	1.4466269176441322	-0.29383043118284424	NA	0.1555929746945892	-0.3602422398223126	-0.49762302164555194
bróker	1.509573270037965	Pl	V	7	4556	TRUE	-2.286505028326589	-2.2134181421107044	-2.394397333273504	-2.9543981347909236	-2.5127452563226202	-2.9587112259630115	-1.3950395672621765	NA	-0.6092984900084293	0.18097919116280536	0.4459659696403975
fotel	1.918034842594317	Ela	C	2056	4503	TRUE	1.4314877837785018	1.345735794516804	1.9904706343461613	1.868852526897838	1.7632267152327532	1.8069164582978572	0.33031806042080036	0.18036767800177328	NA	-0.6447348398293684	-0.04368974306511575
duett	1.4809516014593376	Acc	V	6	4361	TRUE	-3.622917893866349	-3.719849551555341	-3.2536937547457865	-3.4023912322622505	-3.315768946759208	-3.0621539849526522	-0.29383043118284424	NA	0.1555929746945892	-0.4661557968095593	-0.25361496180654797
makett	1.6926464808727033	Acc	V	68	4245	TRUE	-1.0411884671130949	-1.0139893007779466	-1.2377042741733317	-1.292344448504063	-0.8669586642070028	-1.205641646415892	-0.29383043118284424	NA	0.1555929746945892	0.22371497339537427	0.33868298220889415
modem	1.8046211752050836	Ins	C	4	4136	TRUE	-2.705455674473216	-2.721219483326244	-2.4834319679243997	-2.765776541416366	-2.795085734628752	-2.0955737370732432	0.0387951515658291	-0.18567474815799134	NA	-0.23778751540183407	-0.6995119975555184
hotel	2.9641042281879626	All	C	172	4036	TRUE	-0.6133259011748744	-0.6057658584826261	-1.0234829659850166	-0.2668362718090401	-0.3093944322146263	-0.9627754179609971	-0.359133664992004	-0.5272796117155265	NA	0.41771710750238356	0.6533809857463666
szlogen	1.9318761017045023	Pl	V	3	3920	TRUE	-4.474273341733412	-4.7513515748145165	-3.038743650855248	-4.272073159209653	-4.503551359734178	-3.5956688422866545	-1.3950395672621765	NA	-0.6092984900084293	-1.7126079239592684	-0.9078825174475185
haver	2.2866022611361054	Poss.2Sg	V	3724	5	TRUE	7.858040315490662	6.51741962550768	8.80008836561386	7.329312325716447	6.429911701261939	8.824082393405913	0.3537450289204624	NA	1.2067254700130272	-2.2826687401061747	-2.394170692143973
szoftver	2.8823776554889804	Supe	V	1	3677	TRUE	-4.848207366947437	-5.037527390650401	-4.525476948772607	-5.244181013490532	-5.1157255540248725	-4.758345928427333	-0.668605230393597	NA	0.3784998623009394	-0.5120504418777898	-0.3573796255975452
projekt	3.416526341311925	Poss.1Sg	V	1	3669	TRUE	-5.432856007209687	-5.494075100668288	-5.278339174278509	-5.461796532717187	-5.208883494236493	-5.346205113610408	0.7438144784588202	NA	1.5973279087968308	-0.2157359263897689	0.13732161937392107
plakett	1.2063588716944174	Acc	V	18	3607	TRUE	-1.4968826011228584	-0.9851879524366344	-1.848974081442631	-1.7362178128239103	-0.9623991621067844	-1.7729714161621613	-0.29383043118284424	NA	0.1555929746945892	0.8637861290060016	0.810572254055387
partner	3.170887565855278	Abl	C	10	3557	TRUE	-4.237640573949965	-2.6397879938328885	-5.5093527786781475	-4.2387020640889626	-2.88340224090286	-4.934728979308532	-0.871239227086619	-0.9615131006768824	NA	2.8695647848452666	2.0513267384056775
hotel	2.9641042281879626	Poss.1Pl	V	177	3506	TRUE	-0.6133259011748744	-0.6057658584826261	-1.0234829659850166	-0.2668362718090401	-0.3093944322146263	-0.9627754179609971	0.15310165641401538	NA	1.2295600722356197	0.41771710750238356	0.6533809857463666
haver	2.2866022611361054	Ins	C	3488	77	TRUE	7.858040315490662	6.51741962550768	8.80008836561386	7.329312325716447	6.429911701261939	8.824082393405913	0.0387951515658291	-0.18567474815799134	NA	-2.2826687401061747	-2.394170692143973
hotel	2.9641042281879626	Ins	C	243	3469	TRUE	-0.6133259011748744	-0.6057658584826261	-1.0234829659850166	-0.2668362718090401	-0.3093944322146263	-0.9627754179609971	0.0387951515658291	-0.18567474815799134	NA	0.41771710750238356	0.6533809857463666
projekt	3.416526341311925	Ade	C	2	3466	TRUE	-5.432856007209687	-5.494075100668288	-5.278339174278509	-5.461796532717187	-5.208883494236493	-5.346205113610408	-0.07305699737370619	-0.2530423083853684	NA	-0.2157359263897689	0.13732161937392107
partner	3.170887565855278	Ade	C	8	3441	TRUE	-4.237640573949965	-2.6397879938328885	-5.5093527786781475	-4.2387020640889626	-2.88340224090286	-4.934728979308532	-0.07305699737370619	-0.2530423083853684	NA	2.8695647848452666	2.0513267384056775
farmer	1.984242209298364	Ine	C	2327	3390	TRUE	1.6783249816660524	1.7041189567438315	1.5493177130649716	1.64257520131194	1.820925303598231	1.6247447009729654	0.6678142040557484	0.48128711825515536	NA	0.15480124367886106	0.1961806026252617
hotel	2.9641042281879626	Ela	C	334	3348	TRUE	-0.6133259011748744	-0.6057658584826261	-1.0234829659850166	-0.2668362718090401	-0.3093944322146263	-0.9627754179609971	0.33031806042080036	0.18036767800177328	NA	0.41771710750238356	0.6533809857463666
modell	3.2458076642479075	Poss.3Pl	C	45	3304	TRUE	-4.943735431628447	-5.0815781914209595	-4.823004150794277	-5.067962069713086	-4.94297836846933	-5.182356398677793	1.2847635233137833	1.3034409700990126	2.62620257684233	-0.25857404062668365	0.2393780302084707
haver	2.2866022611361054	Dat	C	3259	161	TRUE	7.858040315490662	6.51741962550768	8.80008836561386	7.329312325716447	6.429911701261939	8.824082393405913	-0.2774614553759155	-0.3906857246386013	NA	-2.2826687401061747	-2.394170692143973
fotel	1.918034842594317	Ill	C	3232	3212	TRUE	1.4314877837785018	1.345735794516804	1.9904706343461613	1.868852526897838	1.7632267152327532	1.8069164582978572	1.217385048670586	1.0318553022748764	NA	-0.6447348398293684	-0.04368974306511575
partner	3.170887565855278	All	C	4	3139	TRUE	-4.237640573949965	-2.6397879938328885	-5.5093527786781475	-4.2387020640889626	-2.88340224090286	-4.934728979308532	-0.359133664992004	-0.5272796117155265	NA	2.8695647848452666	2.0513267384056775
parkett	1.1773690982060443	Subl	C	209	3069	TRUE	-0.5655949854887071	-0.30994612260019166	-1.0774818163143118	-0.6176946694168769	-0.19433755901866664	-0.6900134144769373	0.4733699064456612	0.20293628635125044	NA	0.7675356937141231	0.4956758554582734
dzsungel	1.8138983008598983	Ill	C	136	3050	TRUE	-1.6325549408389175	-1.6287282323740715	-2.7438071454193067	-0.9762003136099631	-1.1495040589912844	-2.6983360667888165	1.217385048670586	1.0318553022748764	NA	1.115078913045238	1.5488320077975288
panel	2.4164305848960708	Subl	C	994	2955	TRUE	1.2962506675275407	1.3510573303496098	1.0490957184757776	1.060211173155013	1.4982037187111807	0.9850695221411259	0.4733699064456612	0.20293628635125044	NA	0.3019616118738213	0.51313419657005
transzfer	2.0095093061978013	Ins	C	8	2907	TRUE	-2.418214721903974	-2.402509280985894	NA	-2.1982580734905337	-2.4759082650116597	NA	0.0387951515658291	-0.18567474815799134	NA	NA	NA
hardver	2.192226286470405	Supe	V	6	2904	TRUE	-2.5684018347851207	-2.6319617685230883	-2.362358860290981	-2.3842424314789215	-2.6616565314643865	-1.5406448640301422	-0.668605230393597	NA	0.3784998623009394	-0.26960290823210187	-1.1210116674342459
hardver	2.192226286470405	Subl	C	8	2883	TRUE	-2.5684018347851207	-2.6319617685230883	-2.362358860290981	-2.3842424314789215	-2.6616565314643865	-1.5406448640301422	0.4733699064456612	0.20293628635125044	NA	-0.26960290823210187	-1.1210116674342459
dojen	0.6993711617811154	Poss.3Sg	C	8	2866	TRUE	-3.553752972648149	-3.840847147479474	NA	-3.186790969444448	-3.4492344101650083	NA	0.34265423359786434	0.449770007868573	-0.11457998858783418	NA	NA
kartell	1.1924313135247973	Pl	V	3	2845	TRUE	-0.6397101194751571	-0.4580578988549538	-2.7261861874338664	-0.8535344374954325	-0.203726244856184	-3.2829704187823783	-1.3950395672621765	NA	-0.6092984900084293	2.2681282885789074	3.079244173926199
szoftver	2.8823776554889804	Ela	C	6	2738	TRUE	-4.848207366947437	-5.037527390650401	-4.525476948772607	-5.244181013490532	-5.1157255540248725	-4.758345928427333	0.33031806042080036	0.18036767800177328	NA	-0.5120504418777898	-0.3573796255975452
káder	1.0191292004490349	Pl	V	5	2680	TRUE	-0.3632533101782332	0.7598828190848108	-2.192486454955027	-1.4669470279381294	0.4276283695770943	-2.7543646771308574	-1.3950395672621765	NA	-0.6092984900084293	2.952369274039839	3.1819930467079445
szoftver	2.8823776554889804	Poss.1Pl	V	15	2671	TRUE	-4.848207366947437	-5.037527390650401	-4.525476948772607	-5.244181013490532	-5.1157255540248725	-4.758345928427333	0.15310165641401538	NA	1.2295600722356197	-0.5120504418777898	-0.3573796255975452
makett	1.6926464808727033	Poss.3Sg	C	103	2661	TRUE	-1.0411884671130949	-1.0139893007779466	-1.2377042741733317	-1.292344448504063	-0.8669586642070028	-1.205641646415892	0.34265423359786434	0.449770007868573	-0.11457998858783418	0.22371497339537427	0.33868298220889415
partner	3.170887565855278	Transl	C	2	2599	TRUE	-4.237640573949965	-2.6397879938328885	-5.5093527786781475	-4.2387020640889626	-2.88340224090286	-4.934728979308532	-0.13129248127840795	-0.3613186238423797	NA	2.8695647848452666	2.0513267384056775
koncert	3.0752510936798796	Ela	C	3	2490	TRUE	-6.009157815699876	-5.877877815512749	-6.35133466720042	-5.9821708966967515	-5.6251713725767	-6.006673368135875	0.33031806042080036	0.18036767800177328	NA	0.47345685168767204	0.3815019955591765
bunker	1.476796124675244	Pl	V	46	2435	TRUE	0.3695563811243048	0.4393458500991544	-0.009024339704122104	0.7079250348352563	0.830178803511324	-0.3174461868620854	-1.3950395672621765	NA	-0.6092984900084293	0.4483701898032848	1.1476249903734157
modell	3.2458076642479075	Transl	C	1	2413	TRUE	-4.943735431628447	-5.0815781914209595	-4.823004150794277	-5.067962069713086	-4.94297836846933	-5.182356398677793	-0.13129248127840795	-0.3613186238423797	NA	-0.25857404062668365	0.2393780302084707
sláger	2.2587678514546465	Ins	C	5	2395	TRUE	-3.6232051067595905	-2.883377868949307	-5.229198247351178	-4.041672431051077	-3.141718939777423	-4.748130832839156	0.0387951515658291	-0.18567474815799134	NA	2.345820378401868	1.6064118930617326
láger	1.242439945332364	Ine	C	274	2375	TRUE	-0.3848762121633777	-0.3543332985696548	-2.3824116935521915	0.15124087061602298	0.1942471273524217	-2.869501447582183	0.6678142040557484	0.48128711825515536	NA	2.028078394982529	3.063748574934607
modem	1.8046211752050836	Pl	V	2	2373	TRUE	-2.705455674473216	-2.721219483326244	-2.4834319679243997	-2.765776541416366	-2.795085734628752	-2.0955737370732432	-1.3950395672621765	NA	-0.6092984900084293	-0.23778751540183407	-0.6995119975555184
kódex	2.156884917051594	Dat	C	1	2348	TRUE	-4.6845587063608845	-4.68142945939848	-4.389705789044701	-4.21900542622551	-4.528059751839257	-1.8907275261784378	-0.2774614553759155	-0.3906857246386013	NA	-0.29172367035378954	-2.6373322256608134
bunker	1.476796124675244	Ine	C	497	2292	TRUE	0.3695563811243048	0.4393458500991544	-0.009024339704122104	0.7079250348352563	0.830178803511324	-0.3174461868620854	0.6678142040557484	0.48128711825515536	NA	0.4483701898032848	1.1476249903734157
farmer	1.984242209298364	Ins	C	1236	2292	TRUE	1.6783249816660524	1.7041189567438315	1.5493177130649716	1.64257520131194	1.820925303598231	1.6247447009729654	0.0387951515658291	-0.18567474815799134	NA	0.15480124367886106	0.1961806026252617
duett	1.4809516014593376	Ine	C	12	2190	TRUE	-3.622917893866349	-3.719849551555341	-3.2536937547457865	-3.4023912322622505	-3.315768946759208	-3.0621539849526522	0.6678142040557484	0.48128711825515536	NA	-0.4661557968095593	-0.25361496180654797
panel	2.4164305848960708	Ela	C	622	2177	TRUE	1.2962506675275407	1.3510573303496098	1.0490957184757776	1.060211173155013	1.4982037187111807	0.9850695221411259	0.33031806042080036	0.18036767800177328	NA	0.3019616118738213	0.51313419657005
omlett	0.9301594617947097	Acc	V	3	1999	TRUE	-2.7240493226723954	-1.6667932105474579	-3.1278597768282386	-2.896839945827541	-1.7602650632789125	-2.9387413831883342	-0.29383043118284424	NA	0.1555929746945892	1.4610665662807918	1.1784763199094215
roller	1.4284785179087636	Ins	C	249	1993	TRUE	0.16964076092092792	0.2396701425583425	-0.10487779396037022	-0.04772694050442396	0.08472019493102859	-0.19035307464966728	0.0387951515658291	-0.18567474815799134	NA	0.3445479365187083	0.27507326958068745
bukfenc	1.0306613020268856	Acc	V	1	1983	TRUE	-3.521029447198864	NA	-3.1781781202910775	-3.7316083956007606	NA	-2.973722620245886	-0.29383043118284424	NA	0.1555929746945892	NA	NA
bagett	1.0062847018807737	Acc	V	9	1981	TRUE	-2.0605614018262695	-1.6509052684687469	-2.0840192059170746	-2.022077366397695	-1.2899438145414883	-1.8915984816966895	-0.29383043118284424	NA	0.1555929746945892	0.4331139374483257	0.6016546671552021
sláger	2.2587678514546465	Transl	C	6	1964	TRUE	-3.6232051067595905	-2.883377868949307	-5.229198247351178	-4.041672431051077	-3.141718939777423	-4.748130832839156	-0.13129248127840795	-0.3613186238423797	NA	2.345820378401868	1.6064118930617326
duett	1.4809516014593376	Poss.3Sg	C	1	1945	TRUE	-3.622917893866349	-3.719849551555341	-3.2536937547457865	-3.4023912322622505	-3.315768946759208	-3.0621539849526522	0.34265423359786434	0.449770007868573	-0.11457998858783418	-0.4661557968095593	-0.25361496180654797
panel	2.4164305848960708	Poss.3Sg	C	649	1915	TRUE	1.2962506675275407	1.3510573303496098	1.0490957184757776	1.060211173155013	1.4982037187111807	0.9850695221411259	0.34265423359786434	0.449770007868573	-0.11457998858783418	0.3019616118738213	0.51313419657005
azbeszt	1.051092149444873	Acc	V	21	1884	TRUE	-1.8617679467137156	-2.264325174461563	-1.2008102761516066	-1.9679539261719938	-2.4412415311207707	-1.0073601090589033	-0.29383043118284424	NA	0.1555929746945892	-1.0635148983099612	-1.4338814220618588
púder	1.360068138969874	Ins	C	92	1879	TRUE	-0.6187612288300788	-0.5458753059933869	-1.5714674627061478	-0.6609230453974319	-0.6841155124408549	-1.7498586746567615	0.0387951515658291	-0.18567474815799134	NA	1.0255921567127615	1.0657431622159095
kábel	2.5255200123429824	Dat	C	16	1840	TRUE	-1.9182344874011954	-1.665743510161935	-2.64570839835132	-2.279435937498378	-1.795492792098046	-2.7048180941551365	-0.2774614553759155	-0.3906857246386013	NA	0.9799648881893859	0.9093253020570984
sláger	2.2587678514546465	Dat	C	8	1835	TRUE	-3.6232051067595905	-2.883377868949307	-5.229198247351178	-4.041672431051077	-3.141718939777423	-4.748130832839156	-0.2774614553759155	-0.3906857246386013	NA	2.345820378401868	1.6064118930617326
matek	1.7446768078145567	Ins	C	1819	59	TRUE	6.8304842457962485	6.212971512952543	9.730822710355138	6.812071678119024	6.135974662869725	9.943819679584	0.0387951515658291	-0.18567474815799134	NA	-3.5178511974025923	-3.8078450167142677
roller	1.4284785179087636	Pl	V	16	1807	TRUE	0.16964076092092792	0.2396701425583425	-0.10487779396037022	-0.04772694050442396	0.08472019493102859	-0.19035307464966728	-1.3950395672621765	NA	-0.6092984900084293	0.3445479365187083	0.27507326958068745
poszter	1.7624880360068378	Supe	V	5	1792	TRUE	-2.5545974228663604	-2.1518029068387117	-3.230324375092584	-3.13694212077343	-2.2935237887373456	-3.3791508765116385	-0.668605230393597	NA	0.3784998623009394	1.078521468253868	1.0856270877742986
láger	1.242439945332364	Pl	V	2	1781	TRUE	-0.3848762121633777	-0.3543332985696548	-2.3824116935521915	0.15124087061602298	0.1942471273524217	-2.869501447582183	-1.3950395672621765	NA	-0.6092984900084293	2.028078394982529	3.063748574934607
projekt	3.416526341311925	Abl	C	3	1764	TRUE	-5.432856007209687	-5.494075100668288	-5.278339174278509	-5.461796532717187	-5.208883494236493	-5.346205113610408	-0.871239227086619	-0.9615131006768824	NA	-0.2157359263897689	0.13732161937392107
kolesz	0.7726222789466473	Ine	C	1733	173	TRUE	4.218134977258358	4.101730669087493	5.882728693144244	4.840830287447354	4.548181049615628	5.809659038143662	0.6678142040557484	0.48128711825515536	NA	-1.780998024056757	-1.2614779885280427
panel	2.4164305848960708	Del	C	232	1732	TRUE	1.2962506675275407	1.3510573303496098	1.0490957184757776	1.060211173155013	1.4982037187111807	0.9850695221411259	-0.2453854872081973	-0.4580533634530304	NA	0.3019616118738213	0.51313419657005
balett	2.009241501756081	Ins	C	244	1707	TRUE	0.9812276996892723	0.9396377843711519	1.2998800241934645	1.0119635103266111	0.9490038959985841	1.4466269176441322	0.0387951515658291	-0.18567474815799134	NA	-0.3602422398223126	-0.49762302164555194
pollen	1.5346232211256754	Poss.3Sg	C	1	1682	TRUE	-3.9585721424274696	-3.9520781175279307	-4.329927192954612	-4.401246377303276	-3.6698042910987394	-4.869365974064371	0.34265423359786434	0.449770007868573	-0.11457998858783418	0.3778490754266812	1.1995616829656228
koncert	3.0752510936798796	Poss.1Sg	V	1	1645	TRUE	-6.009157815699876	-5.877877815512749	-6.35133466720042	-5.9821708966967515	-5.6251713725767	-6.006673368135875	0.7438144784588202	NA	1.5973279087968308	0.47345685168767204	0.3815019955591765
kókler	0.9301594617947097	Pl	V	7	1623	TRUE	-0.6727401681826641	-0.24575373217961363	-1.3740015968298946	-1.60167714007776	-0.5496631699777804	-1.9381777310307067	-1.3950395672621765	NA	-0.6092984900084293	1.128247864650291	1.3885145610529293
póker	1.4147938326074063	Ine	C	43	1582	TRUE	-1.6631837528426583	-1.6640637821295017	NA	-1.3138305390485998	-1.593756799268689	NA	0.6678142040557484	0.48128711825515536	NA	NA	NA
hotel	2.9641042281879626	Del	C	87	1525	TRUE	-0.6133259011748744	-0.6057658584826261	-1.0234829659850166	-0.2668362718090401	-0.3093944322146263	-0.9627754179609971	-0.2453854872081973	-0.4580533634530304	NA	0.41771710750238356	0.6533809857463666
sláger	2.2587678514546465	Poss.3Pl	V	1	1521	TRUE	-3.6232051067595905	-2.883377868949307	-5.229198247351178	-4.041672431051077	-3.141718939777423	-4.748130832839156	1.2847635233137833	1.3034409700990126	2.62620257684233	2.345820378401868	1.6064118930617326
notesz	1.2106855490122028	Pl	V	41	1518	TRUE	0.6549311265381912	0.7938509205486918	0.9460785193667216	0.8671010431782441	1.3741669106170142	1.1044316142788237	-1.3950395672621765	NA	-0.6092984900084293	-0.15222759881802972	0.26973529633819737
hotel	2.9641042281879626	Ade	C	65	1487	TRUE	-0.6133259011748744	-0.6057658584826261	-1.0234829659850166	-0.2668362718090401	-0.3093944322146263	-0.9627754179609971	-0.07305699737370619	-0.2530423083853684	NA	0.41771710750238356	0.6533809857463666
modem	1.8046211752050836	Supe	V	2	1478	TRUE	-2.705455674473216	-2.721219483326244	-2.4834319679243997	-2.765776541416366	-2.795085734628752	-2.0955737370732432	-0.668605230393597	NA	0.3784998623009394	-0.23778751540183407	-0.6995119975555184
kábel	2.5255200123429824	Ade	C	8	1475	TRUE	-1.9182344874011954	-1.665743510161935	-2.64570839835132	-2.279435937498378	-1.795492792098046	-2.7048180941551365	-0.07305699737370619	-0.2530423083853684	NA	0.9799648881893859	0.9093253020570984
poszter	1.7624880360068378	Ins	C	7	1471	TRUE	-2.5545974228663604	-2.1518029068387117	-3.230324375092584	-3.13694212077343	-2.2935237887373456	-3.3791508765116385	0.0387951515658291	-0.18567474815799134	NA	1.078521468253868	1.0856270877742986
hardver	2.192226286470405	Dat	C	3	1438	TRUE	-2.5684018347851207	-2.6319617685230883	-2.362358860290981	-2.3842424314789215	-2.6616565314643865	-1.5406448640301422	-0.2774614553759155	-0.3906857246386013	NA	-0.26960290823210187	-1.1210116674342459
partner	3.170887565855278	Del	C	3	1433	TRUE	-4.237640573949965	-2.6397879938328885	-5.5093527786781475	-4.2387020640889626	-2.88340224090286	-4.934728979308532	-0.2453854872081973	-0.4580533634530304	NA	2.8695647848452666	2.0513267384056775
motel	1.2119005338291844	Ine	C	367	1420	TRUE	0.4885191599939788	0.48150674720229697	0.2791874383205992	0.947372344850152	0.9097368465291231	0.14084008671565149	0.6678142040557484	0.48128711825515536	NA	0.20231930888169813	0.7688967598134724
klaszter	1.9252273729939529	Ill	C	30	1417	TRUE	-2.540517871050928	-2.3169921818981094	-3.688394752857886	-2.8669250367186976	-1.9180746758248954	-4.19382288102171	1.217385048670586	1.0318553022748764	NA	1.3714025709597735	2.2757482051968054
fater	1.2643232470451446	Poss.3Sg	C	1411	3	TRUE	5.399583301492054	5.278693673182967	NA	5.4353456297150755	5.153377941213182	NA	0.34265423359786434	0.449770007868573	-0.11457998858783418	NA	NA
láger	1.242439945332364	Ill	C	228	1397	TRUE	-0.3848762121633777	-0.3543332985696548	-2.3824116935521915	0.15124087061602298	0.1942471273524217	-2.869501447582183	1.217385048670586	1.0318553022748764	NA	2.028078394982529	3.063748574934607
panel	2.4164305848960708	Ill	C	1393	1112	TRUE	1.2962506675275407	1.3510573303496098	1.0490957184757776	1.060211173155013	1.4982037187111807	0.9850695221411259	1.217385048670586	1.0318553022748764	NA	0.3019616118738213	0.51313419657005
panel	2.4164305848960708	Dat	C	236	1375	TRUE	1.2962506675275407	1.3510573303496098	1.0490957184757776	1.060211173155013	1.4982037187111807	0.9850695221411259	-0.2774614553759155	-0.3906857246386013	NA	0.3019616118738213	0.51313419657005
klaszter	1.9252273729939529	Ine	C	17	1359	TRUE	-2.540517871050928	-2.3169921818981094	-3.688394752857886	-2.8669250367186976	-1.9180746758248954	-4.19382288102171	0.6678142040557484	0.48128711825515536	NA	1.3714025709597735	2.2757482051968054
hotel	2.9641042281879626	Subl	C	102	1314	TRUE	-0.6133259011748744	-0.6057658584826261	-1.0234829659850166	-0.2668362718090401	-0.3093944322146263	-0.9627754179609971	0.4733699064456612	0.20293628635125044	NA	0.41771710750238356	0.6533809857463666
panel	2.4164305848960708	All	C	226	1309	TRUE	1.2962506675275407	1.3510573303496098	1.0490957184757776	1.060211173155013	1.4982037187111807	0.9850695221411259	-0.359133664992004	-0.5272796117155265	NA	0.3019616118738213	0.51313419657005
hardver	2.192226286470405	Ine	C	9	1295	TRUE	-2.5684018347851207	-2.6319617685230883	-2.362358860290981	-2.3842424314789215	-2.6616565314643865	-1.5406448640301422	0.6678142040557484	0.48128711825515536	NA	-0.26960290823210187	-1.1210116674342459
zsáner	1.2899655745630536	Ine	C	9	1267	TRUE	-2.9006035374908494	-2.900565463639605	-2.8597297368320693	-2.2706201443411436	-2.5173278647892503	-1.6963644204305994	0.6678142040557484	0.48128711825515536	NA	-0.04083572680754344	-0.8209634443586538
kráter	1.5554389092659462	Ine	C	19	1259	TRUE	-1.7542908237634245	-1.7675633046831403	NA	-1.1698335382875418	-1.4499457604048136	NA	0.6678142040557484	0.48128711825515536	NA	NA	NA
nonszensz	1.2858393542194446	Dat	C	1	1248	TRUE	-3.346533537971187	-3.39071600581133	NA	-3.5709357415511556	-3.7886985933948236	NA	-0.2774614553759155	-0.3906857246386013	NA	NA	NA
szonett	1.1139782696654663	Acc	V	4	1247	TRUE	-2.2424377436965295	-2.1378570007570232	-2.402490845986368	-2.1052311118788416	-1.8379046275867064	-2.2121989668636353	-0.29383043118284424	NA	0.1555929746945892	0.26463384522934064	0.3742943392769291
konzerv	1.762724386751122	Ela	C	3	1237	TRUE	-2.5201384267720455	-3.6695204075891534	-1.8015236780790072	-2.7600041364864163	-3.4510739122710548	-1.8219766366180095	0.33031806042080036	0.18036767800177328	NA	-1.8679967295101392	-1.6290972756530522
makett	1.6926464808727033	Supe	V	11	1185	TRUE	-1.0411884671130949	-1.0139893007779466	-1.2377042741733317	-1.292344448504063	-0.8669586642070028	-1.205641646415892	-0.668605230393597	NA	0.3784998623009394	0.22371497339537427	0.33868298220889415
kábel	2.5255200123429824	All	C	16	1161	TRUE	-1.9182344874011954	-1.665743510161935	-2.64570839835132	-2.279435937498378	-1.795492792098046	-2.7048180941551365	-0.359133664992004	-0.5272796117155265	NA	0.9799648881893859	0.9093253020570984
plakett	1.2063588716944174	Pl	V	7	1161	TRUE	-1.4968826011228584	-0.9851879524366344	-1.848974081442631	-1.7362178128239103	-0.9623991621067844	-1.7729714161621613	-1.3950395672621765	NA	-0.6092984900084293	0.8637861290060016	0.810572254055387
kábel	2.5255200123429824	Pl.Poss.3Sg	V	1	1153	TRUE	-1.9182344874011954	-1.665743510161935	-2.64570839835132	-2.279435937498378	-1.795492792098046	-2.7048180941551365	-0.3660503852105195	-0.17826185132906647	-0.9979505042302497	0.9799648881893859	0.9093253020570984
kódex	2.156884917051594	Ins	C	1	1145	TRUE	-4.6845587063608845	-4.68142945939848	-4.389705789044701	-4.21900542622551	-4.528059751839257	-1.8907275261784378	0.0387951515658291	-0.18567474815799134	NA	-0.29172367035378954	-2.6373322256608134
rulett	1.0008565784407637	Acc	V	5	1140	TRUE	-1.4387539601303823	-1.0951850479908167	-2.103919783065065	-1.3700853509758677	-1.0593975050996332	-1.912880722650881	-0.29383043118284424	NA	0.1555929746945892	1.0087347350742562	0.8534832175512435
kódex	2.156884917051594	Del	C	3	1077	TRUE	-4.6845587063608845	-4.68142945939848	-4.389705789044701	-4.21900542622551	-4.528059751839257	-1.8907275261784378	-0.2453854872081973	-0.4580533634530304	NA	-0.29172367035378954	-2.6373322256608134
skanzen	1.4895721276614022	Ill	C	181	1043	TRUE	-0.4615603606022684	-0.47669930815304473	NA	0.24047152769577637	-0.040665655407854905	NA	1.217385048670586	1.0318553022748764	NA	NA	NA
balett	2.009241501756081	Poss.3Sg	C	80	1041	TRUE	0.9812276996892723	0.9396377843711519	1.2998800241934645	1.0119635103266111	0.9490038959985841	1.4466269176441322	0.34265423359786434	0.449770007868573	-0.11457998858783418	-0.3602422398223126	-0.49762302164555194
dzsungel	1.8138983008598983	Supe	V	3	1037	TRUE	-1.6325549408389175	-1.6287282323740715	-2.7438071454193067	-0.9762003136099631	-1.1495040589912844	-2.6983360667888165	-0.668605230393597	NA	0.3784998623009394	1.115078913045238	1.5488320077975288
haver	2.2866022611361054	Poss.1Pl	V	1031	13	TRUE	7.858040315490662	6.51741962550768	8.80008836561386	7.329312325716447	6.429911701261939	8.824082393405913	0.15310165641401538	NA	1.2295600722356197	-2.2826687401061747	-2.394170692143973
farmer	1.984242209298364	Ela	C	485	1021	TRUE	1.6783249816660524	1.7041189567438315	1.5493177130649716	1.64257520131194	1.820925303598231	1.6247447009729654	0.33031806042080036	0.18036767800177328	NA	0.15480124367886106	0.1961806026252617
kábel	2.5255200123429824	Ine	C	16	1021	TRUE	-1.9182344874011954	-1.665743510161935	-2.64570839835132	-2.279435937498378	-1.795492792098046	-2.7048180941551365	0.6678142040557484	0.48128711825515536	NA	0.9799648881893859	0.9093253020570984
dzsungel	1.8138983008598983	Pl	V	1	1010	TRUE	-1.6325549408389175	-1.6287282323740715	-2.7438071454193067	-0.9762003136099631	-1.1495040589912844	-2.6983360667888165	-1.3950395672621765	NA	-0.6092984900084293	1.115078913045238	1.5488320077975288
partner	3.170887565855278	Ine	C	5	1008	TRUE	-4.237640573949965	-2.6397879938328885	-5.5093527786781475	-4.2387020640889626	-2.88340224090286	-4.934728979308532	0.6678142040557484	0.48128711825515536	NA	2.8695647848452666	2.0513267384056775
modem	1.8046211752050836	Poss.1Sg	V	2	1005	TRUE	-2.705455674473216	-2.721219483326244	-2.4834319679243997	-2.765776541416366	-2.795085734628752	-2.0955737370732432	0.7438144784588202	NA	1.5973279087968308	-0.23778751540183407	-0.6995119975555184
balett	2.009241501756081	Ine	C	254	984	TRUE	0.9812276996892723	0.9396377843711519	1.2998800241934645	1.0119635103266111	0.9490038959985841	1.4466269176441322	0.6678142040557484	0.48128711825515536	NA	-0.3602422398223126	-0.49762302164555194
poszter	1.7624880360068378	Subl	C	6	979	TRUE	-2.5545974228663604	-2.1518029068387117	-3.230324375092584	-3.13694212077343	-2.2935237887373456	-3.3791508765116385	0.4733699064456612	0.20293628635125044	NA	1.078521468253868	1.0856270877742986
bunker	1.476796124675244	Ill	C	336	978	TRUE	0.3695563811243048	0.4393458500991544	-0.009024339704122104	0.7079250348352563	0.830178803511324	-0.3174461868620854	1.217385048670586	1.0318553022748764	NA	0.4483701898032848	1.1476249903734157
mágnes	1.8441518280462148	Dat	C	4	966	TRUE	-3.855580201204639	-3.828167106280691	NA	-3.7797480753819483	-4.0439184699360045	NA	-0.2774614553759155	-0.3906857246386013	NA	NA	NA
kábel	2.5255200123429824	Poss.1Sg	V	8	955	TRUE	-1.9182344874011954	-1.665743510161935	-2.64570839835132	-2.279435937498378	-1.795492792098046	-2.7048180941551365	0.7438144784588202	NA	1.5973279087968308	0.9799648881893859	0.9093253020570984
rubel	1.3648850069419438	Ine	C	33	946	TRUE	-1.3552367197931288	-1.3534973420314007	-0.4517738340519745	-0.778942677325193	-1.0637286596072673	0.712773639979225	0.6678142040557484	0.48128711825515536	NA	-0.9017235079794261	-1.7765022995864825
rubel	1.3648850069419438	Subl	C	20	937	TRUE	-1.3552367197931288	-1.3534973420314007	-0.4517738340519745	-0.778942677325193	-1.0637286596072673	0.712773639979225	0.4733699064456612	0.20293628635125044	NA	-0.9017235079794261	-1.7765022995864825
balek	1.18302479496678	Acc	V	924	9	TRUE	5.19400390862709	4.594366274077986	7.85212326911952	5.0114054131495704	4.29102959246572	8.044958839194248	-0.29383043118284424	NA	0.1555929746945892	-3.2577569950415324	-3.753929246728532
kábel	2.5255200123429824	Del	C	19	919	TRUE	-1.9182344874011954	-1.665743510161935	-2.64570839835132	-2.279435937498378	-1.795492792098046	-2.7048180941551365	-0.2453854872081973	-0.4580533634530304	NA	0.9799648881893859	0.9093253020570984
modem	1.8046211752050836	All	C	6	919	TRUE	-2.705455674473216	-2.721219483326244	-2.4834319679243997	-2.765776541416366	-2.795085734628752	-2.0955737370732432	-0.359133664992004	-0.5272796117155265	NA	-0.23778751540183407	-0.6995119975555184
hotel	2.9641042281879626	Poss.3Sg	C	88	909	TRUE	-0.6133259011748744	-0.6057658584826261	-1.0234829659850166	-0.2668362718090401	-0.3093944322146263	-0.9627754179609971	0.34265423359786434	0.449770007868573	-0.11457998858783418	0.41771710750238356	0.6533809857463666
púder	1.360068138969874	Pl	V	3	909	TRUE	-0.6187612288300788	-0.5458753059933869	-1.5714674627061478	-0.6609230453974319	-0.6841155124408549	-1.7498586746567615	-1.3950395672621765	NA	-0.6092984900084293	1.0255921567127615	1.0657431622159095
farmer	1.984242209298364	All	C	240	900	TRUE	1.6783249816660524	1.7041189567438315	1.5493177130649716	1.64257520131194	1.820925303598231	1.6247447009729654	-0.359133664992004	-0.5272796117155265	NA	0.15480124367886106	0.1961806026252617
dzsungel	1.8138983008598983	Ela	C	41	896	TRUE	-1.6325549408389175	-1.6287282323740715	-2.7438071454193067	-0.9762003136099631	-1.1495040589912844	-2.6983360667888165	0.33031806042080036	0.18036767800177328	NA	1.115078913045238	1.5488320077975288
konzerv	1.762724386751122	Ine	C	2	894	TRUE	-2.5201384267720455	-3.6695204075891534	-1.8015236780790072	-2.7600041364864163	-3.4510739122710548	-1.8219766366180095	0.6678142040557484	0.48128711825515536	NA	-1.8679967295101392	-1.6290972756530522
plakett	1.2063588716944174	Ins	C	11	893	TRUE	-1.4968826011228584	-0.9851879524366344	-1.848974081442631	-1.7362178128239103	-0.9623991621067844	-1.7729714161621613	0.0387951515658291	-0.18567474815799134	NA	0.8637861290060016	0.810572254055387
balett	2.009241501756081	Pl	V	18	891	TRUE	0.9812276996892723	0.9396377843711519	1.2998800241934645	1.0119635103266111	0.9490038959985841	1.4466269176441322	-1.3950395672621765	NA	-0.6092984900084293	-0.3602422398223126	-0.49762302164555194
rocker	1.3774960070047173	Dat	C	7	886	TRUE	-2.5731349269816755	-1.9154659573448336	-4.142360593632641	-3.537133343091516	-2.241880303780773	-4.681421378830132	-0.2774614553759155	-0.3906857246386013	NA	2.2268946362878097	2.4395410750493625
szlogen	1.9318761017045023	Poss.3Pl	C	6	884	TRUE	-4.474273341733412	-4.7513515748145165	-3.038743650855248	-4.272073159209653	-4.503551359734178	-3.5956688422866545	1.2847635233137833	1.3034409700990126	2.62620257684233	-1.7126079239592684	-0.9078825174475185
azbeszt	1.051092149444873	Ins	C	6	880	TRUE	-1.8617679467137156	-2.264325174461563	-1.2008102761516066	-1.9679539261719938	-2.4412415311207707	-1.0073601090589033	0.0387951515658291	-0.18567474815799134	NA	-1.0635148983099612	-1.4338814220618588
konzerv	1.762724386751122	Ins	C	2	876	TRUE	-2.5201384267720455	-3.6695204075891534	-1.8015236780790072	-2.7600041364864163	-3.4510739122710548	-1.8219766366180095	0.0387951515658291	-0.18567474815799134	NA	-1.8679967295101392	-1.6290972756530522
puffer	1.3898337365494366	Pl	V	5	873	TRUE	-0.4907603713473192	-0.5107956742089658	-0.41943383383116445	-0.13657735616574268	-0.1995004000706003	-0.48218675701443053	-1.3950395672621765	NA	-0.6092984900084293	-0.09136184037780026	0.2826863569438274
balett	2.009241501756081	Dat	C	117	872	TRUE	0.9812276996892723	0.9396377843711519	1.2998800241934645	1.0119635103266111	0.9490038959985841	1.4466269176441322	-0.2774614553759155	-0.3906857246386013	NA	-0.3602422398223126	-0.49762302164555194
balek	1.18302479496678	Dat	C	860	143	TRUE	5.19400390862709	4.594366274077986	7.85212326911952	5.0114054131495704	4.29102959246572	8.044958839194248	-0.2774614553759155	-0.3906857246386013	NA	-3.2577569950415324	-3.753929246728532
puffer	1.3898337365494366	Ine	C	58	860	TRUE	-0.4907603713473192	-0.5107956742089658	-0.41943383383116445	-0.13657735616574268	-0.1995004000706003	-0.48218675701443053	0.6678142040557484	0.48128711825515536	NA	-0.09136184037780026	0.2826863569438274
kábel	2.5255200123429824	Ela	C	5	848	TRUE	-1.9182344874011954	-1.665743510161935	-2.64570839835132	-2.279435937498378	-1.795492792098046	-2.7048180941551365	0.33031806042080036	0.18036767800177328	NA	0.9799648881893859	0.9093253020570984
haver	2.2866022611361054	Ade	C	844	26	TRUE	7.858040315490662	6.51741962550768	8.80008836561386	7.329312325716447	6.429911701261939	8.824082393405913	-0.07305699737370619	-0.2530423083853684	NA	-2.2826687401061747	-2.394170692143973
kódex	2.156884917051594	Ela	C	4	832	TRUE	-4.6845587063608845	-4.68142945939848	-4.389705789044701	-4.21900542622551	-4.528059751839257	-1.8907275261784378	0.33031806042080036	0.18036767800177328	NA	-0.29172367035378954	-2.6373322256608134
szoftver	2.8823776554889804	Poss.3Pl	V	9	808	TRUE	-4.848207366947437	-5.037527390650401	-4.525476948772607	-5.244181013490532	-5.1157255540248725	-4.758345928427333	1.2847635233137833	1.3034409700990126	2.62620257684233	-0.5120504418777898	-0.3573796255975452
fotel	1.918034842594317	Ins	C	274	807	TRUE	1.4314877837785018	1.345735794516804	1.9904706343461613	1.868852526897838	1.7632267152327532	1.8069164582978572	0.0387951515658291	-0.18567474815799134	NA	-0.6447348398293684	-0.04368974306511575
parkett	1.1773690982060443	Acc	V	42	806	TRUE	-0.5655949854887071	-0.30994612260019166	-1.0774818163143118	-0.6176946694168769	-0.19433755901866664	-0.6900134144769373	-0.29383043118284424	NA	0.1555929746945892	0.7675356937141231	0.4956758554582734
bróker	1.509573270037965	Ade	C	5	803	TRUE	-2.286505028326589	-2.2134181421107044	-2.394397333273504	-2.9543981347909236	-2.5127452563226202	-2.9587112259630115	-0.07305699737370619	-0.2530423083853684	NA	0.18097919116280536	0.4459659696403975
bankett	1.09656121596579	Acc	V	10	790	TRUE	-0.397359030637319	-0.15976232776145105	-1.0694785181347308	-0.2875541442777983	-0.1624597875545382	-0.8768749697527036	-0.29383043118284424	NA	0.1555929746945892	0.909716190373274	0.7144151821981666
latex	1.2796554290768758	Acc	V	4	790	TRUE	-0.6621935380344122	-0.501833248170526	-1.9548436808553753	-0.3625761429561654	-0.29848461304329416	-1.7645592416867653	-0.29383043118284424	NA	0.1555929746945892	1.4530104326848488	1.4660746286434687
póker	1.4147938326074063	Ins	C	6	790	TRUE	-1.6631837528426583	-1.6640637821295017	NA	-1.3138305390485998	-1.593756799268689	NA	0.0387951515658291	-0.18567474815799134	NA	NA	NA
transzfer	2.0095093061978013	Subl	C	16	790	TRUE	-2.418214721903974	-2.402509280985894	NA	-2.1982580734905337	-2.4759082650116597	NA	0.4733699064456612	0.20293628635125044	NA	NA	NA
moped	0.9109327535484344	Acc	V	2	785	TRUE	-1.4248393570995521	-0.640378387465916	-2.579802091049285	-1.4634615395653348	-0.6167007954827671	-2.3929511470776084	-0.29383043118284424	NA	0.1555929746945892	1.9394237035833726	1.7762503515948396
panel	2.4164305848960708	Pl.Poss.3Sg	C	134	783	TRUE	1.2962506675275407	1.3510573303496098	1.0490957184757776	1.060211173155013	1.4982037187111807	0.9850695221411259	-0.3660503852105195	-0.17826185132906647	-0.9979505042302497	0.3019616118738213	0.51313419657005
pollen	1.5346232211256754	Subl	C	1	763	TRUE	-3.9585721424274696	-3.9520781175279307	-4.329927192954612	-4.401246377303276	-3.6698042910987394	-4.869365974064371	0.4733699064456612	0.20293628635125044	NA	0.3778490754266812	1.1995616829656228
klaszter	1.9252273729939529	Dat	C	14	756	TRUE	-2.540517871050928	-2.3169921818981094	-3.688394752857886	-2.8669250367186976	-1.9180746758248954	-4.19382288102171	-0.2774614553759155	-0.3906857246386013	NA	1.3714025709597735	2.2757482051968054
matek	1.7446768078145567	Subl	C	755	18	TRUE	6.8304842457962485	6.212971512952543	9.730822710355138	6.812071678119024	6.135974662869725	9.943819679584	0.4733699064456612	0.20293628635125044	NA	-3.5178511974025923	-3.8078450167142677
matek	1.7446768078145567	All	C	753	23	TRUE	6.8304842457962485	6.212971512952543	9.730822710355138	6.812071678119024	6.135974662869725	9.943819679584	-0.359133664992004	-0.5272796117155265	NA	-3.5178511974025923	-3.8078450167142677
motel	1.2119005338291844	Pl	V	18	752	TRUE	0.4885191599939788	0.48150674720229697	0.2791874383205992	0.947372344850152	0.9097368465291231	0.14084008671565149	-1.3950395672621765	NA	-0.6092984900084293	0.20231930888169813	0.7688967598134724
latex	1.2796554290768758	Ela	C	39	737	TRUE	-0.6621935380344122	-0.501833248170526	-1.9548436808553753	-0.3625761429561654	-0.29848461304329416	-1.7645592416867653	0.33031806042080036	0.18036767800177328	NA	1.4530104326848488	1.4660746286434687
partner	3.170887565855278	Supe	V	3	720	TRUE	-4.237640573949965	-2.6397879938328885	-5.5093527786781475	-4.2387020640889626	-2.88340224090286	-4.934728979308532	-0.668605230393597	NA	0.3784998623009394	2.8695647848452666	2.0513267384056775
bróker	1.509573270037965	Dat	C	6	719	TRUE	-2.286505028326589	-2.2134181421107044	-2.394397333273504	-2.9543981347909236	-2.5127452563226202	-2.9587112259630115	-0.2774614553759155	-0.3906857246386013	NA	0.18097919116280536	0.4459659696403975
fater	1.2643232470451446	Dat	C	718	80	TRUE	5.399583301492054	5.278693673182967	NA	5.4353456297150755	5.153377941213182	NA	-0.2774614553759155	-0.3906857246386013	NA	NA	NA
koffer	0.9596105383709403	Ine	C	191	714	TRUE	1.133986957218971	1.0491872103770599	1.503004027343311	1.497464821856713	1.37821131399058	1.729203189665714	0.6678142040557484	0.48128711825515536	NA	-0.45381681696625265	-0.3509918756751347
modem	1.8046211752050836	Subl	C	1	711	TRUE	-2.705455674473216	-2.721219483326244	-2.4834319679243997	-2.765776541416366	-2.795085734628752	-2.0955737370732432	0.4733699064456612	0.20293628635125044	NA	-0.23778751540183407	-0.6995119975555184
sumer	1.0545026216751352	Pl	V	711	386	TRUE	3.9103556135154482	2.2313604258939503	4.654774183009057	2.9996666771687197	2.248718854542426	4.094491783711142	-1.3950395672621765	NA	-0.6092984900084293	-2.4234137571150995	-1.845772929168703
makett	1.6926464808727033	Pl.Poss.3Sg	C	5	705	TRUE	-1.0411884671130949	-1.0139893007779466	-1.2377042741733317	-1.292344448504063	-0.8669586642070028	-1.205641646415892	-0.3660503852105195	-0.17826185132906647	-0.9979505042302497	0.22371497339537427	0.33868298220889415
dzsungel	1.8138983008598983	Dat	C	21	701	TRUE	-1.6325549408389175	-1.6287282323740715	-2.7438071454193067	-0.9762003136099631	-1.1495040589912844	-2.6983360667888165	-0.2774614553759155	-0.3906857246386013	NA	1.115078913045238	1.5488320077975288
hardver	2.192226286470405	Del	C	4	701	TRUE	-2.5684018347851207	-2.6319617685230883	-2.362358860290981	-2.3842424314789215	-2.6616565314643865	-1.5406448640301422	-0.2453854872081973	-0.4580533634530304	NA	-0.26960290823210187	-1.1210116674342459
ómen	0.7761153970932089	Dat	C	2	681	TRUE	-2.758891771507179	-2.808826607363184	NA	-2.992946370523213	-3.215927610920133	NA	-0.2774614553759155	-0.3906857246386013	NA	NA	NA
matek	1.7446768078145567	Ine	C	672	18	TRUE	6.8304842457962485	6.212971512952543	9.730822710355138	6.812071678119024	6.135974662869725	9.943819679584	0.6678142040557484	0.48128711825515536	NA	-3.5178511974025923	-3.8078450167142677
hardver	2.192226286470405	Ela	C	3	668	TRUE	-2.5684018347851207	-2.6319617685230883	-2.362358860290981	-2.3842424314789215	-2.6616565314643865	-1.5406448640301422	0.33031806042080036	0.18036767800177328	NA	-0.26960290823210187	-1.1210116674342459
bunker	1.476796124675244	Ela	C	116	667	TRUE	0.3695563811243048	0.4393458500991544	-0.009024339704122104	0.7079250348352563	0.830178803511324	-0.3174461868620854	0.33031806042080036	0.18036767800177328	NA	0.4483701898032848	1.1476249903734157
notesz	1.2106855490122028	Poss.3Sg	V	94	667	TRUE	0.6549311265381912	0.7938509205486918	0.9460785193667216	0.8671010431782441	1.3741669106170142	1.1044316142788237	0.34265423359786434	0.449770007868573	-0.11457998858783418	-0.15222759881802972	0.26973529633819737
farmer	1.984242209298364	Poss.1Sg	V	604	664	TRUE	1.6783249816660524	1.7041189567438315	1.5493177130649716	1.64257520131194	1.820925303598231	1.6247447009729654	0.7438144784588202	NA	1.5973279087968308	0.15480124367886106	0.1961806026252617
modem	1.8046211752050836	Dat	C	1	661	TRUE	-2.705455674473216	-2.721219483326244	-2.4834319679243997	-2.765776541416366	-2.795085734628752	-2.0955737370732432	-0.2774614553759155	-0.3906857246386013	NA	-0.23778751540183407	-0.6995119975555184
kráter	1.5554389092659462	Ill	C	25	659	TRUE	-1.7542908237634245	-1.7675633046831403	NA	-1.1698335382875418	-1.4499457604048136	NA	1.217385048670586	1.0318553022748764	NA	NA	NA
klaszter	1.9252273729939529	All	C	1	658	TRUE	-2.540517871050928	-2.3169921818981094	-3.688394752857886	-2.8669250367186976	-1.9180746758248954	-4.19382288102171	-0.359133664992004	-0.5272796117155265	NA	1.3714025709597735	2.2757482051968054
tandem	1.0699583224183673	Ine	C	7	654	TRUE	-2.022518365410802	-1.914587789771656	-2.578821982685726	-1.6830901197701642	-1.6800218289294535	-2.3977008078677002	0.6678142040557484	0.48128711825515536	NA	0.6642341929140656	0.7176789789382383
kolesz	0.7726222789466473	Ill	C	646	72	TRUE	4.218134977258358	4.101730669087493	5.882728693144244	4.840830287447354	4.548181049615628	5.809659038143662	1.217385048670586	1.0318553022748764	NA	-1.780998024056757	-1.2614779885280427
hotel	2.9641042281879626	Poss.3Sg	V	1	642	TRUE	-0.6133259011748744	-0.6057658584826261	-1.0234829659850166	-0.2668362718090401	-0.3093944322146263	-0.9627754179609971	0.34265423359786434	0.449770007868573	-0.11457998858783418	0.41771710750238356	0.6533809857463666
balett	2.009241501756081	Subl	C	564	638	TRUE	0.9812276996892723	0.9396377843711519	1.2998800241934645	1.0119635103266111	0.9490038959985841	1.4466269176441322	0.4733699064456612	0.20293628635125044	NA	-0.3602422398223126	-0.49762302164555194
balett	2.009241501756081	All	C	122	628	TRUE	0.9812276996892723	0.9396377843711519	1.2998800241934645	1.0119635103266111	0.9490038959985841	1.4466269176441322	-0.359133664992004	-0.5272796117155265	NA	-0.3602422398223126	-0.49762302164555194
matek	1.7446768078145567	Supe	V	628	1	TRUE	6.8304842457962485	6.212971512952543	9.730822710355138	6.812071678119024	6.135974662869725	9.943819679584	-0.668605230393597	NA	0.3784998623009394	-3.5178511974025923	-3.8078450167142677
kráter	1.5554389092659462	Ela	C	8	627	TRUE	-1.7542908237634245	-1.7675633046831403	NA	-1.1698335382875418	-1.4499457604048136	NA	0.33031806042080036	0.18036767800177328	NA	NA	NA
szoftver	2.8823776554889804	Ade	C	1	624	TRUE	-4.848207366947437	-5.037527390650401	-4.525476948772607	-5.244181013490532	-5.1157255540248725	-4.758345928427333	-0.07305699737370619	-0.2530423083853684	NA	-0.5120504418777898	-0.3573796255975452
sólet	0.5795661084462529	Acc	V	28	622	TRUE	-0.12418061673030224	-0.12173024005054263	0.19314938686269686	0.002196849407772516	0.06898960502339116	0.39306869079442236	-0.29383043118284424	NA	0.1555929746945892	-0.314879626913239	-0.3240790857710323
farmer	1.984242209298364	Dat	C	134	619	TRUE	1.6783249816660524	1.7041189567438315	1.5493177130649716	1.64257520131194	1.820925303598231	1.6247447009729654	-0.2774614553759155	-0.3906857246386013	NA	0.15480124367886106	0.1961806026252617
rubel	1.3648850069419438	Ins	C	13	614	TRUE	-1.3552367197931288	-1.3534973420314007	-0.4517738340519745	-0.778942677325193	-1.0637286596072673	0.712773639979225	0.0387951515658291	-0.18567474815799134	NA	-0.9017235079794261	-1.7765022995864825
fater	1.2643232470451446	Ins	C	613	37	TRUE	5.399583301492054	5.278693673182967	NA	5.4353456297150755	5.153377941213182	NA	0.0387951515658291	-0.18567474815799134	NA	NA	NA
kábel	2.5255200123429824	Ill	C	13	612	TRUE	-1.9182344874011954	-1.665743510161935	-2.64570839835132	-2.279435937498378	-1.795492792098046	-2.7048180941551365	1.217385048670586	1.0318553022748764	NA	0.9799648881893859	0.9093253020570984
puffer	1.3898337365494366	Ill	C	48	604	TRUE	-0.4907603713473192	-0.5107956742089658	-0.41943383383116445	-0.13657735616574268	-0.1995004000706003	-0.48218675701443053	1.217385048670586	1.0318553022748764	NA	-0.09136184037780026	0.2826863569438274
puffer	1.3898337365494366	Ins	C	36	591	TRUE	-0.4907603713473192	-0.5107956742089658	-0.41943383383116445	-0.13657735616574268	-0.1995004000706003	-0.48218675701443053	0.0387951515658291	-0.18567474815799134	NA	-0.09136184037780026	0.2826863569438274
ágens	1.3130456667326265	Dat	C	2	587	TRUE	-2.843169907285617	-1.9977715357197305	-3.636797066124861	-3.9496943369949227	-2.47530953146927	-4.1439442613841955	-0.2774614553759155	-0.3906857246386013	NA	1.639025530405121	1.6686347299149276
fotel	1.918034842594317	All	C	153	584	TRUE	1.4314877837785018	1.345735794516804	1.9904706343461613	1.868852526897838	1.7632267152327532	1.8069164582978572	-0.359133664992004	-0.5272796117155265	NA	-0.6447348398293684	-0.04368974306511575
bankett	1.09656121596579	Subl	C	68	580	TRUE	-0.397359030637319	-0.15976232776145105	-1.0694785181347308	-0.2875541442777983	-0.1624597875545382	-0.8768749697527036	0.4733699064456612	0.20293628635125044	NA	0.909716190373274	0.7144151821981666
panel	2.4164305848960708	Ade	C	111	580	TRUE	1.2962506675275407	1.3510573303496098	1.0490957184757776	1.060211173155013	1.4982037187111807	0.9850695221411259	-0.07305699737370619	-0.2530423083853684	NA	0.3019616118738213	0.51313419657005
haver	2.2866022611361054	Abl	C	579	54	TRUE	7.858040315490662	6.51741962550768	8.80008836561386	7.329312325716447	6.429911701261939	8.824082393405913	-0.871239227086619	-0.9615131006768824	NA	-2.2826687401061747	-2.394170692143973
pasztell	1.4163120740957438	Ins	C	56	572	TRUE	-0.21011321687667037	-0.2422367576119342	-0.9492765577974501	0.03170517963642175	-0.20670074736325145	-0.5629355387574819	0.0387951515658291	-0.18567474815799134	NA	0.7070398001855125	0.356234791394229
makett	1.6926464808727033	Ins	C	32	569	TRUE	-1.0411884671130949	-1.0139893007779466	-1.2377042741733317	-1.292344448504063	-0.8669586642070028	-1.205641646415892	0.0387951515658291	-0.18567474815799134	NA	0.22371497339537427	0.33868298220889415
balett	2.009241501756081	Ade	C	150	568	TRUE	0.9812276996892723	0.9396377843711519	1.2998800241934645	1.0119635103266111	0.9490038959985841	1.4466269176441322	-0.07305699737370619	-0.2530423083853684	NA	-0.3602422398223126	-0.49762302164555194
farmer	1.984242209298364	Poss.3Sg	C	551	116	TRUE	1.6783249816660524	1.7041189567438315	1.5493177130649716	1.64257520131194	1.820925303598231	1.6247447009729654	0.34265423359786434	0.449770007868573	-0.11457998858783418	0.15480124367886106	0.1961806026252617
partner	3.170887565855278	Ela	C	1	550	TRUE	-4.237640573949965	-2.6397879938328885	-5.5093527786781475	-4.2387020640889626	-2.88340224090286	-4.934728979308532	0.33031806042080036	0.18036767800177328	NA	2.8695647848452666	2.0513267384056775
drukker	1.599349006057054	Dat	C	6	536	TRUE	-2.4562286593819582	-1.151812998292156	-3.067532656447431	-3.679238732866685	-1.5683133037763932	-3.5855037684676825	-0.2774614553759155	-0.3906857246386013	NA	1.9157196581552682	2.0171904646912964
sóder	0.9842054240536064	Ins	C	167	536	TRUE	1.1364217071680507	1.1017094199883335	1.4647855863902324	1.4102110443861198	1.16143557238133	1.9332398204525754	0.0387951515658291	-0.18567474815799134	NA	-0.3630761664018962	-0.7718042480712342
pamflet	0.7429766651842116	Acc	V	1	531	TRUE	-1.9778639186403308	-1.7284511956809234	-2.7764734721811224	-1.8101316020374594	-1.2672247108944366	-2.5952312694279955	-0.29383043118284424	NA	0.1555929746945892	1.0480222765002054	1.3280065585335592
dzsungel	1.8138983008598983	Ins	C	12	528	TRUE	-1.6325549408389175	-1.6287282323740715	-2.7438071454193067	-0.9762003136099631	-1.1495040589912844	-2.6983360667888165	0.0387951515658291	-0.18567474815799134	NA	1.115078913045238	1.5488320077975288
roller	1.4284785179087636	Supe	V	29	521	TRUE	0.16964076092092792	0.2396701425583425	-0.10487779396037022	-0.04772694050442396	0.08472019493102859	-0.19035307464966728	-0.668605230393597	NA	0.3784998623009394	0.3445479365187083	0.27507326958068745
tróger	0.7114537050098807	Pl	V	35	521	TRUE	1.3396227344118834	1.3127390782597355	1.3637862315594174	0.45326406836508815	0.9643531028154795	0.805334745717331	-1.3950395672621765	NA	-0.6092984900084293	-0.05104715329967746	0.15901835709814804
balett	2.009241501756081	Ela	C	69	511	TRUE	0.9812276996892723	0.9396377843711519	1.2998800241934645	1.0119635103266111	0.9490038959985841	1.4466269176441322	0.33031806042080036	0.18036767800177328	NA	-0.3602422398223126	-0.49762302164555194
maszek	1.0569096792608152	Pl	V	511	1	TRUE	6.292533309903096	5.205635411992807	9.38661917329718	5.861708893713378	5.215065398825435	8.950885186876834	-1.3950395672621765	NA	-0.6092984900084293	-4.180983761304375	-3.7358197880514012
fotel	1.918034842594317	Subl	C	242	505	TRUE	1.4314877837785018	1.345735794516804	1.9904706343461613	1.868852526897838	1.7632267152327532	1.8069164582978572	0.4733699064456612	0.20293628635125044	NA	-0.6447348398293684	-0.04368974306511575
poszter	1.7624880360068378	Dat	C	11	504	TRUE	-2.5545974228663604	-2.1518029068387117	-3.230324375092584	-3.13694212077343	-2.2935237887373456	-3.3791508765116385	-0.2774614553759155	-0.3906857246386013	NA	1.078521468253868	1.0856270877742986
docens	2.334254917204184	Ins	C	1	498	TRUE	-5.998272278014584	-3.1704518103913824	-4.92959358497897	-5.6385416200031315	-3.3730794260287356	-5.004683592497321	0.0387951515658291	-0.18567474815799134	NA	1.7591417745875901	1.631604166468577
bunker	1.476796124675244	Poss.3Sg	V	3	497	TRUE	0.3695563811243048	0.4393458500991544	-0.009024339704122104	0.7079250348352563	0.830178803511324	-0.3174461868620854	0.34265423359786434	0.449770007868573	-0.11457998858783418	0.4483701898032848	1.1476249903734157
rubel	1.3648850069419438	Ill	C	18	497	TRUE	-1.3552367197931288	-1.3534973420314007	-0.4517738340519745	-0.778942677325193	-1.0637286596072673	0.712773639979225	1.217385048670586	1.0318553022748764	NA	-0.9017235079794261	-1.7765022995864825
haver	2.2866022611361054	All	C	494	23	TRUE	7.858040315490662	6.51741962550768	8.80008836561386	7.329312325716447	6.429911701261939	8.824082393405913	-0.359133664992004	-0.5272796117155265	NA	-2.2826687401061747	-2.394170692143973
klaszter	1.9252273729939529	Supe	V	1	493	TRUE	-2.540517871050928	-2.3169921818981094	-3.688394752857886	-2.8669250367186976	-1.9180746758248954	-4.19382288102171	-0.668605230393597	NA	0.3784998623009394	1.3714025709597735	2.2757482051968054
maszek	1.0569096792608152	Ine	C	493	23	TRUE	6.292533309903096	5.205635411992807	9.38661917329718	5.861708893713378	5.215065398825435	8.950885186876834	0.6678142040557484	0.48128711825515536	NA	-4.180983761304375	-3.7358197880514012
láger	1.242439945332364	Ela	C	32	490	TRUE	-0.3848762121633777	-0.3543332985696548	-2.3824116935521915	0.15124087061602298	0.1942471273524217	-2.869501447582183	0.33031806042080036	0.18036767800177328	NA	2.028078394982529	3.063748574934607
haver	2.2866022611361054	Poss.3Pl	C	467	4	TRUE	7.858040315490662	6.51741962550768	8.80008836561386	7.329312325716447	6.429911701261939	8.824082393405913	1.2847635233137833	1.3034409700990126	2.62620257684233	-2.2826687401061747	-2.394170692143973
fráter	1.1826921806578794	Pl	V	3	456	TRUE	-0.04314583262104413	0.10254600846284118	-0.9421173302902134	-0.5815050824962534	-0.19031433574358594	-1.4979969406919798	-1.3950395672621765	NA	-0.6092984900084293	1.044663338753054	1.307682604948397
farmer	1.984242209298364	Subl	C	228	448	TRUE	1.6783249816660524	1.7041189567438315	1.5493177130649716	1.64257520131194	1.820925303598231	1.6247447009729654	0.4733699064456612	0.20293628635125044	NA	0.15480124367886106	0.1961806026252617
koffer	0.9596105383709403	Pl	V	35	442	TRUE	1.133986957218971	1.0491872103770599	1.503004027343311	1.497464821856713	1.37821131399058	1.729203189665714	-1.3950395672621765	NA	-0.6092984900084293	-0.45381681696625265	-0.3509918756751347
lumen	1.3578062989248016	Ine	C	1	442	TRUE	-3.461895774257489	-3.4303670152590118	NA	-2.963398767420647	-3.1866558062397923	NA	0.6678142040557484	0.48128711825515536	NA	NA	NA
malter	0.6100893505755742	Ins	C	440	68	TRUE	3.6863291300798755	3.696530629589436	3.4032691387090326	3.8232012844687486	3.5663554892769227	3.4050478886486033	0.0387951515658291	-0.18567474815799134	NA	0.293261490880397	0.1613076006283336
motel	1.2119005338291844	Ill	C	140	439	TRUE	0.4885191599939788	0.48150674720229697	0.2791874383205992	0.947372344850152	0.9097368465291231	0.14084008671565149	1.217385048670586	1.0318553022748764	NA	0.20231930888169813	0.7688967598134724
matek	1.7446768078145567	Abl	C	437	10	TRUE	6.8304842457962485	6.212971512952543	9.730822710355138	6.812071678119024	6.135974662869725	9.943819679584	-0.871239227086619	-0.9615131006768824	NA	-3.5178511974025923	-3.8078450167142677
klaszter	1.9252273729939529	Ins	C	5	436	TRUE	-2.540517871050928	-2.3169921818981094	-3.688394752857886	-2.8669250367186976	-1.9180746758248954	-4.19382288102171	0.0387951515658291	-0.18567474815799134	NA	1.3714025709597735	2.2757482051968054
balett	2.009241501756081	Del	C	111	434	TRUE	0.9812276996892723	0.9396377843711519	1.2998800241934645	1.0119635103266111	0.9490038959985841	1.4466269176441322	-0.2453854872081973	-0.4580533634530304	NA	-0.3602422398223126	-0.49762302164555194
mágnes	1.8441518280462148	Subl	C	1	433	TRUE	-3.855580201204639	-3.828167106280691	NA	-3.7797480753819483	-4.0439184699360045	NA	0.4733699064456612	0.20293628635125044	NA	NA	NA
tandem	1.0699583224183673	Acc	V	1	430	TRUE	-2.022518365410802	-1.914587789771656	-2.578821982685726	-1.6830901197701642	-1.6800218289294535	-2.3977008078677002	-0.29383043118284424	NA	0.1555929746945892	0.6642341929140656	0.7176789789382383
notesz	1.2106855490122028	Ill	C	188	429	TRUE	0.6549311265381912	0.7938509205486918	0.9460785193667216	0.8671010431782441	1.3741669106170142	1.1044316142788237	1.217385048670586	1.0318553022748764	NA	-0.15222759881802972	0.26973529633819737
burleszk	0.6649295867445704	Ill	C	1	428	TRUE	-3.526150426158892	-3.7230533689008993	-1.8770169916484425	-2.6455380908805055	-2.8596340141314114	-1.6963644204305994	1.217385048670586	1.0318553022748764	NA	-1.8460363772524602	-1.163269593700818
kartell	1.1924313135247973	Ine	C	42	424	TRUE	-0.6397101194751571	-0.4580578988549538	-2.7261861874338664	-0.8535344374954325	-0.203726244856184	-3.2829704187823783	0.6678142040557484	0.48128711825515536	NA	2.2681282885789074	3.079244173926199
pakett	0.4472263572536482	Acc	V	19	424	TRUE	0.005112786109951248	0.035458761321357946	0.1743474821002181	0.04834439923503438	0.2690330230041088	0.3017718499085538	-0.29383043118284424	NA	0.1555929746945892	-0.1388887207788656	-0.03273882690443486
makett	1.6926464808727033	All	C	1	414	TRUE	-1.0411884671130949	-1.0139893007779466	-1.2377042741733317	-1.292344448504063	-0.8669586642070028	-1.205641646415892	-0.359133664992004	-0.5272796117155265	NA	0.22371497339537427	0.33868298220889415
kupec	0.4459578141554795	Pl	V	48	413	TRUE	1.3007474188318735	0.10650117359579525	1.851217510017771	0.4514254079465868	-0.3519515178433392	1.420202796489908	-1.3950395672621765	NA	-0.6092984900084293	-1.7447163364219733	-1.7721543143332354
zsáner	1.2899655745630536	Ill	C	3	411	TRUE	-2.9006035374908494	-2.900565463639605	-2.8597297368320693	-2.2706201443411436	-2.5173278647892503	-1.6963644204305994	1.217385048670586	1.0318553022748764	NA	-0.04083572680754344	-0.8209634443586538
raszter	0.7107638010015679	Ine	C	27	405	TRUE	-0.6934882820153202	-0.6916640560964054	NA	-0.1136059570701097	-0.39355200740878266	NA	0.6678142040557484	0.48128711825515536	NA	NA	NA
balett	2.009241501756081	Abl	C	45	404	TRUE	0.9812276996892723	0.9396377843711519	1.2998800241934645	1.0119635103266111	0.9490038959985841	1.4466269176441322	-0.871239227086619	-0.9615131006768824	NA	-0.3602422398223126	-0.49762302164555194
zsáner	1.2899655745630536	Dat	C	2	402	TRUE	-2.9006035374908494	-2.900565463639605	-2.8597297368320693	-2.2706201443411436	-2.5173278647892503	-1.6963644204305994	-0.2774614553759155	-0.3906857246386013	NA	-0.04083572680754344	-0.8209634443586538
krokett	0.5548602356534778	Ins	C	22	398	TRUE	-0.2687380649482663	0.1105440694074366	-1.395281903130249	-0.29976636288749264	-0.0837152563122492	-1.2062551641080357	0.0387951515658291	-0.18567474815799134	NA	1.5058259725376928	1.1225399077957832
puffer	1.3898337365494366	Ela	C	51	394	TRUE	-0.4907603713473192	-0.5107956742089658	-0.41943383383116445	-0.13657735616574268	-0.1995004000706003	-0.48218675701443053	0.33031806042080036	0.18036767800177328	NA	-0.09136184037780026	0.2826863569438274
makett	1.6926464808727033	Del	C	8	390	TRUE	-1.0411884671130949	-1.0139893007779466	-1.2377042741733317	-1.292344448504063	-0.8669586642070028	-1.205641646415892	-0.2453854872081973	-0.4580533634530304	NA	0.22371497339537427	0.33868298220889415
szonett	1.1139782696654663	Poss.3Sg	C	3	390	TRUE	-2.2424377436965295	-2.1378570007570232	-2.402490845986368	-2.1052311118788416	-1.8379046275867064	-2.2121989668636353	0.34265423359786434	0.449770007868573	-0.11457998858783418	0.26463384522934064	0.3742943392769291
póker	1.4147938326074063	All	C	2	386	TRUE	-1.6631837528426583	-1.6640637821295017	NA	-1.3138305390485998	-1.593756799268689	NA	-0.359133664992004	-0.5272796117155265	NA	NA	NA
bróker	1.509573270037965	Ins	C	3	382	TRUE	-2.286505028326589	-2.2134181421107044	-2.394397333273504	-2.9543981347909236	-2.5127452563226202	-2.9587112259630115	0.0387951515658291	-0.18567474815799134	NA	0.18097919116280536	0.4459659696403975
modem	1.8046211752050836	Ill	C	7	380	TRUE	-2.705455674473216	-2.721219483326244	-2.4834319679243997	-2.765776541416366	-2.795085734628752	-2.0955737370732432	1.217385048670586	1.0318553022748764	NA	-0.23778751540183407	-0.6995119975555184
roller	1.4284785179087636	Subl	C	23	380	TRUE	0.16964076092092792	0.2396701425583425	-0.10487779396037022	-0.04772694050442396	0.08472019493102859	-0.19035307464966728	0.4733699064456612	0.20293628635125044	NA	0.3445479365187083	0.27507326958068745
szlogen	1.9318761017045023	Ine	C	1	375	TRUE	-4.474273341733412	-4.7513515748145165	-3.038743650855248	-4.272073159209653	-4.503551359734178	-3.5956688422866545	0.6678142040557484	0.48128711825515536	NA	-1.7126079239592684	-0.9078825174475185
mater	1.2873847479934366	Ine	C	24	374	TRUE	0.1087594269527214	0.07199047178176739	3.3253531421055604	0.4932616758310194	0.19681708334620732	2.5958786943453727	0.6678142040557484	0.48128711825515536	NA	-3.2533626703237815	-2.399061610999169
kráter	1.5554389092659462	All	C	3	372	TRUE	-1.7542908237634245	-1.7675633046831403	NA	-1.1698335382875418	-1.4499457604048136	NA	-0.359133664992004	-0.5272796117155265	NA	NA	NA
hotel	2.9641042281879626	Transl	C	16	370	TRUE	-0.6133259011748744	-0.6057658584826261	-1.0234829659850166	-0.2668362718090401	-0.3093944322146263	-0.9627754179609971	-0.13129248127840795	-0.3613186238423797	NA	0.41771710750238356	0.6533809857463666
sláger	2.2587678514546465	Ine	C	2	370	TRUE	-3.6232051067595905	-2.883377868949307	-5.229198247351178	-4.041672431051077	-3.141718939777423	-4.748130832839156	0.6678142040557484	0.48128711825515536	NA	2.345820378401868	1.6064118930617326
póker	1.4147938326074063	Subl	C	4	369	TRUE	-1.6631837528426583	-1.6640637821295017	NA	-1.3138305390485998	-1.593756799268689	NA	0.4733699064456612	0.20293628635125044	NA	NA	NA
plakett	1.2063588716944174	Poss.3Sg	C	9	364	TRUE	-1.4968826011228584	-0.9851879524366344	-1.848974081442631	-1.7362178128239103	-0.9623991621067844	-1.7729714161621613	0.34265423359786434	0.449770007868573	-0.11457998858783418	0.8637861290060016	0.810572254055387
farmer	1.984242209298364	Ill	C	363	344	TRUE	1.6783249816660524	1.7041189567438315	1.5493177130649716	1.64257520131194	1.820925303598231	1.6247447009729654	1.217385048670586	1.0318553022748764	NA	0.15480124367886106	0.1961806026252617
fotel	1.918034842594317	Dat	C	75	363	TRUE	1.4314877837785018	1.345735794516804	1.9904706343461613	1.868852526897838	1.7632267152327532	1.8069164582978572	-0.2774614553759155	-0.3906857246386013	NA	-0.6447348398293684	-0.04368974306511575
dzsungel	1.8138983008598983	Transl	C	7	356	TRUE	-1.6325549408389175	-1.6287282323740715	-2.7438071454193067	-0.9762003136099631	-1.1495040589912844	-2.6983360667888165	-0.13129248127840795	-0.3613186238423797	NA	1.115078913045238	1.5488320077975288
farmer	1.984242209298364	Poss.2Sg	V	239	356	TRUE	1.6783249816660524	1.7041189567438315	1.5493177130649716	1.64257520131194	1.820925303598231	1.6247447009729654	0.3537450289204624	NA	1.2067254700130272	0.15480124367886106	0.1961806026252617
transzfer	2.0095093061978013	Dat	C	1	353	TRUE	-2.418214721903974	-2.402509280985894	NA	-2.1982580734905337	-2.4759082650116597	NA	-0.2774614553759155	-0.3906857246386013	NA	NA	NA
kábel	2.5255200123429824	Abl	C	5	352	TRUE	-1.9182344874011954	-1.665743510161935	-2.64570839835132	-2.279435937498378	-1.795492792098046	-2.7048180941551365	-0.871239227086619	-0.9615131006768824	NA	0.9799648881893859	0.9093253020570984
páter	1.0617720601296703	Pl	V	2	351	TRUE	-0.094616498334511	0.02471155194523427	-1.0682021314884567	-0.5563519580692081	-0.30700821751673757	-1.617448022553488	-1.3950395672621765	NA	-0.6092984900084293	1.092913683433693	1.3104398050367507
rulett	1.0008565784407637	Ine	C	10	345	TRUE	-1.4387539601303823	-1.0951850479908167	-2.103919783065065	-1.3700853509758677	-1.0593975050996332	-1.912880722650881	0.6678142040557484	0.48128711825515536	NA	1.0087347350742562	0.8534832175512435
balett	2.009241501756081	Supe	V	133	338	TRUE	0.9812276996892723	0.9396377843711519	1.2998800241934645	1.0119635103266111	0.9490038959985841	1.4466269176441322	-0.668605230393597	NA	0.3784998623009394	-0.3602422398223126	-0.49762302164555194
krokett	0.5548602356534778	Acc	V	3	338	TRUE	-0.2687380649482663	0.1105440694074366	-1.395281903130249	-0.29976636288749264	-0.0837152563122492	-1.2062551641080357	-0.29383043118284424	NA	0.1555929746945892	1.5058259725376928	1.1225399077957832
panel	2.4164305848960708	Abl	C	50	338	TRUE	1.2962506675275407	1.3510573303496098	1.0490957184757776	1.060211173155013	1.4982037187111807	0.9850695221411259	-0.871239227086619	-0.9615131006768824	NA	0.3019616118738213	0.51313419657005
bróker	1.509573270037965	Subl	C	2	336	TRUE	-2.286505028326589	-2.2134181421107044	-2.394397333273504	-2.9543981347909236	-2.5127452563226202	-2.9587112259630115	0.4733699064456612	0.20293628635125044	NA	0.18097919116280536	0.4459659696403975
póker	1.4147938326074063	Del	C	7	326	TRUE	-1.6631837528426583	-1.6640637821295017	NA	-1.3138305390485998	-1.593756799268689	NA	-0.2453854872081973	-0.4580533634530304	NA	NA	NA
panel	2.4164305848960708	Poss.3Sg	V	3	324	TRUE	1.2962506675275407	1.3510573303496098	1.0490957184757776	1.060211173155013	1.4982037187111807	0.9850695221411259	0.34265423359786434	0.449770007868573	-0.11457998858783418	0.3019616118738213	0.51313419657005
kartell	1.1924313135247973	Ins	C	12	320	TRUE	-0.6397101194751571	-0.4580578988549538	-2.7261861874338664	-0.8535344374954325	-0.203726244856184	-3.2829704187823783	0.0387951515658291	-0.18567474815799134	NA	2.2681282885789074	3.079244173926199
makett	1.6926464808727033	Dat	C	13	319	TRUE	-1.0411884671130949	-1.0139893007779466	-1.2377042741733317	-1.292344448504063	-0.8669586642070028	-1.205641646415892	-0.2774614553759155	-0.3906857246386013	NA	0.22371497339537427	0.33868298220889415
sláger	2.2587678514546465	All	C	3	318	TRUE	-3.6232051067595905	-2.883377868949307	-5.229198247351178	-4.041672431051077	-3.141718939777423	-4.748130832839156	-0.359133664992004	-0.5272796117155265	NA	2.345820378401868	1.6064118930617326
szonett	1.1139782696654663	Ine	C	5	318	TRUE	-2.2424377436965295	-2.1378570007570232	-2.402490845986368	-2.1052311118788416	-1.8379046275867064	-2.2121989668636353	0.6678142040557484	0.48128711825515536	NA	0.26463384522934064	0.3742943392769291
koffer	0.9596105383709403	Ins	C	161	315	TRUE	1.133986957218971	1.0491872103770599	1.503004027343311	1.497464821856713	1.37821131399058	1.729203189665714	0.0387951515658291	-0.18567474815799134	NA	-0.45381681696625265	-0.3509918756751347
balett	2.009241501756081	Ill	C	231	311	TRUE	0.9812276996892723	0.9396377843711519	1.2998800241934645	1.0119635103266111	0.9490038959985841	1.4466269176441322	1.217385048670586	1.0318553022748764	NA	-0.3602422398223126	-0.49762302164555194
kókler	0.9301594617947097	Dat	C	11	310	TRUE	-0.6727401681826641	-0.24575373217961363	-1.3740015968298946	-1.60167714007776	-0.5496631699777804	-1.9381777310307067	-0.2774614553759155	-0.3906857246386013	NA	1.128247864650291	1.3885145610529293
hardver	2.192226286470405	Ill	C	49	306	TRUE	-2.5684018347851207	-2.6319617685230883	-2.362358860290981	-2.3842424314789215	-2.6616565314643865	-1.5406448640301422	1.217385048670586	1.0318553022748764	NA	-0.26960290823210187	-1.1210116674342459
kartell	1.1924313135247973	Dat	C	20	306	TRUE	-0.6397101194751571	-0.4580578988549538	-2.7261861874338664	-0.8535344374954325	-0.203726244856184	-3.2829704187823783	-0.2774614553759155	-0.3906857246386013	NA	2.2681282885789074	3.079244173926199
makett	1.6926464808727033	Poss.1Sg	V	2	306	TRUE	-1.0411884671130949	-1.0139893007779466	-1.2377042741733317	-1.292344448504063	-0.8669586642070028	-1.205641646415892	0.7438144784588202	NA	1.5973279087968308	0.22371497339537427	0.33868298220889415
notesz	1.2106855490122028	Ine	C	100	305	TRUE	0.6549311265381912	0.7938509205486918	0.9460785193667216	0.8671010431782441	1.3741669106170142	1.1044316142788237	0.6678142040557484	0.48128711825515536	NA	-0.15222759881802972	0.26973529633819737
skanzen	1.4895721276614022	All	C	3	303	TRUE	-0.4615603606022684	-0.47669930815304473	NA	0.24047152769577637	-0.040665655407854905	NA	-0.359133664992004	-0.5272796117155265	NA	NA	NA
matek	1.7446768078145567	Del	C	302	14	TRUE	6.8304842457962485	6.212971512952543	9.730822710355138	6.812071678119024	6.135974662869725	9.943819679584	-0.2453854872081973	-0.4580533634530304	NA	-3.5178511974025923	-3.8078450167142677
bagett	1.0062847018807737	Subl	C	3	300	TRUE	-2.0605614018262695	-1.6509052684687469	-2.0840192059170746	-2.022077366397695	-1.2899438145414883	-1.8915984816966895	0.4733699064456612	0.20293628635125044	NA	0.4331139374483257	0.6016546671552021
modem	1.8046211752050836	Poss.3Sg	C	2	294	TRUE	-2.705455674473216	-2.721219483326244	-2.4834319679243997	-2.765776541416366	-2.795085734628752	-2.0955737370732432	0.34265423359786434	0.449770007868573	-0.11457998858783418	-0.23778751540183407	-0.6995119975555184
latex	1.2796554290768758	Subl	C	20	293	TRUE	-0.6621935380344122	-0.501833248170526	-1.9548436808553753	-0.3625761429561654	-0.29848461304329416	-1.7645592416867653	0.4733699064456612	0.20293628635125044	NA	1.4530104326848488	1.4660746286434687
bunker	1.476796124675244	Dat	C	55	291	TRUE	0.3695563811243048	0.4393458500991544	-0.009024339704122104	0.7079250348352563	0.830178803511324	-0.3174461868620854	-0.2774614553759155	-0.3906857246386013	NA	0.4483701898032848	1.1476249903734157
kartell	1.1924313135247973	Ill	C	45	286	TRUE	-0.6397101194751571	-0.4580578988549538	-2.7261861874338664	-0.8535344374954325	-0.203726244856184	-3.2829704187823783	1.217385048670586	1.0318553022748764	NA	2.2681282885789074	3.079244173926199
makett	1.6926464808727033	Subl	C	22	279	TRUE	-1.0411884671130949	-1.0139893007779466	-1.2377042741733317	-1.292344448504063	-0.8669586642070028	-1.205641646415892	0.4733699064456612	0.20293628635125044	NA	0.22371497339537427	0.33868298220889415
fotel	1.918034842594317	Poss.3Sg	C	258	276	TRUE	1.4314877837785018	1.345735794516804	1.9904706343461613	1.868852526897838	1.7632267152327532	1.8069164582978572	0.34265423359786434	0.449770007868573	-0.11457998858783418	-0.6447348398293684	-0.04368974306511575
dzsungel	1.8138983008598983	Subl	C	14	275	TRUE	-1.6325549408389175	-1.6287282323740715	-2.7438071454193067	-0.9762003136099631	-1.1495040589912844	-2.6983360667888165	0.4733699064456612	0.20293628635125044	NA	1.115078913045238	1.5488320077975288
transzfer	2.0095093061978013	Ine	C	2	270	TRUE	-2.418214721903974	-2.402509280985894	NA	-2.1982580734905337	-2.4759082650116597	NA	0.6678142040557484	0.48128711825515536	NA	NA	NA
maszek	1.0569096792608152	Ill	C	267	5	TRUE	6.292533309903096	5.205635411992807	9.38661917329718	5.861708893713378	5.215065398825435	8.950885186876834	1.217385048670586	1.0318553022748764	NA	-4.180983761304375	-3.7358197880514012
tandem	1.0699583224183673	Ins	C	7	265	TRUE	-2.022518365410802	-1.914587789771656	-2.578821982685726	-1.6830901197701642	-1.6800218289294535	-2.3977008078677002	0.0387951515658291	-0.18567474815799134	NA	0.6642341929140656	0.7176789789382383
klaszter	1.9252273729939529	Subl	C	1	264	TRUE	-2.540517871050928	-2.3169921818981094	-3.688394752857886	-2.8669250367186976	-1.9180746758248954	-4.19382288102171	0.4733699064456612	0.20293628635125044	NA	1.3714025709597735	2.2757482051968054
puffer	1.3898337365494366	Dat	C	27	264	TRUE	-0.4907603713473192	-0.5107956742089658	-0.41943383383116445	-0.13657735616574268	-0.1995004000706003	-0.48218675701443053	-0.2774614553759155	-0.3906857246386013	NA	-0.09136184037780026	0.2826863569438274
zsáner	1.2899655745630536	Ins	C	3	264	TRUE	-2.9006035374908494	-2.900565463639605	-2.8597297368320693	-2.2706201443411436	-2.5173278647892503	-1.6963644204305994	0.0387951515658291	-0.18567474815799134	NA	-0.04083572680754344	-0.8209634443586538
fotel	1.918034842594317	Supe	V	202	263	TRUE	1.4314877837785018	1.345735794516804	1.9904706343461613	1.868852526897838	1.7632267152327532	1.8069164582978572	-0.668605230393597	NA	0.3784998623009394	-0.6447348398293684	-0.04368974306511575
bankett	1.09656121596579	Del	C	6	261	TRUE	-0.397359030637319	-0.15976232776145105	-1.0694785181347308	-0.2875541442777983	-0.1624597875545382	-0.8768749697527036	-0.2453854872081973	-0.4580533634530304	NA	0.909716190373274	0.7144151821981666
kadet	1.0549493807742008	Pl	V	76	261	TRUE	2.36110488885739	1.8802564134333617	2.8242669752331517	1.6686132448989466	1.6977542568474873	2.2979929256397296	-1.3950395672621765	NA	-0.6092984900084293	-0.9440105617998	-0.6002386687922439
kábel	2.5255200123429824	Poss.2Sg	V	1	259	TRUE	-1.9182344874011954	-1.665743510161935	-2.64570839835132	-2.279435937498378	-1.795492792098046	-2.7048180941551365	0.3537450289204624	NA	1.2067254700130272	0.9799648881893859	0.9093253020570984
latex	1.2796554290768758	Ine	C	24	259	TRUE	-0.6621935380344122	-0.501833248170526	-1.9548436808553753	-0.3625761429561654	-0.29848461304329416	-1.7645592416867653	0.6678142040557484	0.48128711825515536	NA	1.4530104326848488	1.4660746286434687
szkander	0.6195616634977026	Ine	C	113	259	TRUE	1.0873298060493601	1.0817145893394877	NA	1.680218147918616	1.3989490457637754	NA	0.6678142040557484	0.48128711825515536	NA	NA	NA
plakett	1.2063588716944174	Supe	V	1	256	TRUE	-1.4968826011228584	-0.9851879524366344	-1.848974081442631	-1.7362178128239103	-0.9623991621067844	-1.7729714161621613	-0.668605230393597	NA	0.3784998623009394	0.8637861290060016	0.810572254055387
farmer	1.984242209298364	Supe	V	153	255	TRUE	1.6783249816660524	1.7041189567438315	1.5493177130649716	1.64257520131194	1.820925303598231	1.6247447009729654	-0.668605230393597	NA	0.3784998623009394	0.15480124367886106	0.1961806026252617
mater	1.2873847479934366	Abl	C	2	255	TRUE	0.1087594269527214	0.07199047178176739	3.3253531421055604	0.4932616758310194	0.19681708334620732	2.5958786943453727	-0.871239227086619	-0.9615131006768824	NA	-3.2533626703237815	-2.399061610999169
mater	1.2873847479934366	Ill	C	22	254	TRUE	0.1087594269527214	0.07199047178176739	3.3253531421055604	0.4932616758310194	0.19681708334620732	2.5958786943453727	1.217385048670586	1.0318553022748764	NA	-3.2533626703237815	-2.399061610999169
póker	1.4147938326074063	Dat	C	7	252	TRUE	-1.6631837528426583	-1.6640637821295017	NA	-1.3138305390485998	-1.593756799268689	NA	-0.2774614553759155	-0.3906857246386013	NA	NA	NA
kódex	2.156884917051594	Poss.3Pl	V	1	250	TRUE	-4.6845587063608845	-4.68142945939848	-4.389705789044701	-4.21900542622551	-4.528059751839257	-1.8907275261784378	1.2847635233137833	1.3034409700990126	2.62620257684233	-0.29172367035378954	-2.6373322256608134
modem	1.8046211752050836	Poss.3Sg	V	1	250	TRUE	-2.705455674473216	-2.721219483326244	-2.4834319679243997	-2.765776541416366	-2.795085734628752	-2.0955737370732432	0.34265423359786434	0.449770007868573	-0.11457998858783418	-0.23778751540183407	-0.6995119975555184
parkett	1.1773690982060443	Del	C	7	246	TRUE	-0.5655949854887071	-0.30994612260019166	-1.0774818163143118	-0.6176946694168769	-0.19433755901866664	-0.6900134144769373	-0.2453854872081973	-0.4580533634530304	NA	0.7675356937141231	0.4956758554582734
bunker	1.476796124675244	All	C	16	245	TRUE	0.3695563811243048	0.4393458500991544	-0.009024339704122104	0.7079250348352563	0.830178803511324	-0.3174461868620854	-0.359133664992004	-0.5272796117155265	NA	0.4483701898032848	1.1476249903734157
kráter	1.5554389092659462	Ins	C	1	245	TRUE	-1.7542908237634245	-1.7675633046831403	NA	-1.1698335382875418	-1.4499457604048136	NA	0.0387951515658291	-0.18567474815799134	NA	NA	NA
panel	2.4164305848960708	Poss.1Sg	V	105	245	TRUE	1.2962506675275407	1.3510573303496098	1.0490957184757776	1.060211173155013	1.4982037187111807	0.9850695221411259	0.7438144784588202	NA	1.5973279087968308	0.3019616118738213	0.51313419657005
mater	1.2873847479934366	All	C	3	243	TRUE	0.1087594269527214	0.07199047178176739	3.3253531421055604	0.4932616758310194	0.19681708334620732	2.5958786943453727	-0.359133664992004	-0.5272796117155265	NA	-3.2533626703237815	-2.399061610999169
skanzen	1.4895721276614022	Dat	C	8	242	TRUE	-0.4615603606022684	-0.47669930815304473	NA	0.24047152769577637	-0.040665655407854905	NA	-0.2774614553759155	-0.3906857246386013	NA	NA	NA
fráter	1.1826921806578794	Dat	C	14	241	TRUE	-0.04314583262104413	0.10254600846284118	-0.9421173302902134	-0.5815050824962534	-0.19031433574358594	-1.4979969406919798	-0.2774614553759155	-0.3906857246386013	NA	1.044663338753054	1.307682604948397
pollen	1.5346232211256754	Abl	C	2	236	TRUE	-3.9585721424274696	-3.9520781175279307	-4.329927192954612	-4.401246377303276	-3.6698042910987394	-4.869365974064371	-0.871239227086619	-0.9615131006768824	NA	0.3778490754266812	1.1995616829656228
haver	2.2866022611361054	Pl.Poss.1Pl	C	235	1	TRUE	7.858040315490662	6.51741962550768	8.80008836561386	7.329312325716447	6.429911701261939	8.824082393405913	-0.4336227056899424	-0.43912103034877586	1.2596801884470352	-2.2826687401061747	-2.394170692143973
charter	1.0574427740273058	Ins	C	1	234	TRUE	-1.858024888145967	-2.1115042454399733	-0.25070331244806054	-1.6848320012890121	-2.2510619279859108	2.135983266716258	0.0387951515658291	-0.18567474815799134	NA	-1.860800932991907	-4.387045194702168
fotel	1.918034842594317	Poss.1Pl	V	45	234	TRUE	1.4314877837785018	1.345735794516804	1.9904706343461613	1.868852526897838	1.7632267152327532	1.8069164582978572	0.15310165641401538	NA	1.2295600722356197	-0.6447348398293684	-0.04368974306511575
moped	0.9109327535484344	Subl	C	11	234	TRUE	-1.4248393570995521	-0.640378387465916	-2.579802091049285	-1.4634615395653348	-0.6167007954827671	-2.3929511470776084	0.4733699064456612	0.20293628635125044	NA	1.9394237035833726	1.7762503515948396
projekt	3.416526341311925	Poss.2Pl	V	2	234	TRUE	-5.432856007209687	-5.494075100668288	-5.278339174278509	-5.461796532717187	-5.208883494236493	-5.346205113610408	0.730639710204915	NA	1.529836365380866	-0.2157359263897689	0.13732161937392107
farmer	1.984242209298364	Abl	C	34	233	TRUE	1.6783249816660524	1.7041189567438315	1.5493177130649716	1.64257520131194	1.820925303598231	1.6247447009729654	-0.871239227086619	-0.9615131006768824	NA	0.15480124367886106	0.1961806026252617
kráter	1.5554389092659462	Ade	C	12	231	TRUE	-1.7542908237634245	-1.7675633046831403	NA	-1.1698335382875418	-1.4499457604048136	NA	-0.07305699737370619	-0.2530423083853684	NA	NA	NA
barter	0.48713596362774514	Ine	C	27	228	TRUE	-0.21818576577981116	-0.2250763977491314	NA	0.46570378668387863	0.18537517226678127	NA	0.6678142040557484	0.48128711825515536	NA	NA	NA
bróker	1.509573270037965	Abl	C	1	228	TRUE	-2.286505028326589	-2.2134181421107044	-2.394397333273504	-2.9543981347909236	-2.5127452563226202	-2.9587112259630115	-0.871239227086619	-0.9615131006768824	NA	0.18097919116280536	0.4459659696403975
púder	1.360068138969874	Subl	C	6	228	TRUE	-0.6187612288300788	-0.5458753059933869	-1.5714674627061478	-0.6609230453974319	-0.6841155124408549	-1.7498586746567615	0.4733699064456612	0.20293628635125044	NA	1.0255921567127615	1.0657431622159095
jampec	0.15123380228128092	Pl	V	156	226	TRUE	3.4369665276454686	2.5367315489898026	3.6118928652893967	2.256263713858216	2.160921244204303	3.083319671113543	-1.3950395672621765	NA	-0.6092984900084293	-1.0751613162995852	-0.9223984269092398
poszter	1.7624880360068378	Del	C	2	225	TRUE	-2.5545974228663604	-2.1518029068387117	-3.230324375092584	-3.13694212077343	-2.2935237887373456	-3.3791508765116385	-0.2453854872081973	-0.4580533634530304	NA	1.078521468253868	1.0856270877742986
páter	1.0617720601296703	Dat	C	13	221	TRUE	-0.094616498334511	0.02471155194523427	-1.0682021314884567	-0.5563519580692081	-0.30700821751673757	-1.617448022553488	-0.2774614553759155	-0.3906857246386013	NA	1.092913683433693	1.3104398050367507
farmer	1.984242209298364	Del	C	39	220	TRUE	1.6783249816660524	1.7041189567438315	1.5493177130649716	1.64257520131194	1.820925303598231	1.6247447009729654	-0.2453854872081973	-0.4580533634530304	NA	0.15480124367886106	0.1961806026252617
modem	1.8046211752050836	Ela	C	12	219	TRUE	-2.705455674473216	-2.721219483326244	-2.4834319679243997	-2.765776541416366	-2.795085734628752	-2.0955737370732432	0.33031806042080036	0.18036767800177328	NA	-0.23778751540183407	-0.6995119975555184
notesz	1.2106855490122028	Poss.1Sg	V	80	219	TRUE	0.6549311265381912	0.7938509205486918	0.9460785193667216	0.8671010431782441	1.3741669106170142	1.1044316142788237	0.7438144784588202	NA	1.5973279087968308	-0.15222759881802972	0.26973529633819737
lumen	1.3578062989248016	Ins	C	1	218	TRUE	-3.461895774257489	-3.4303670152590118	NA	-2.963398767420647	-3.1866558062397923	NA	0.0387951515658291	-0.18567474815799134	NA	NA	NA
bunker	1.476796124675244	Subl	C	20	216	TRUE	0.3695563811243048	0.4393458500991544	-0.009024339704122104	0.7079250348352563	0.830178803511324	-0.3174461868620854	0.4733699064456612	0.20293628635125044	NA	0.4483701898032848	1.1476249903734157
koffer	0.9596105383709403	Ill	C	109	216	TRUE	1.133986957218971	1.0491872103770599	1.503004027343311	1.497464821856713	1.37821131399058	1.729203189665714	1.217385048670586	1.0318553022748764	NA	-0.45381681696625265	-0.3509918756751347
haver	2.2866022611361054	Subl	C	214	5	TRUE	7.858040315490662	6.51741962550768	8.80008836561386	7.329312325716447	6.429911701261939	8.824082393405913	0.4733699064456612	0.20293628635125044	NA	-2.2826687401061747	-2.394170692143973
makett	1.6926464808727033	Ine	C	22	214	TRUE	-1.0411884671130949	-1.0139893007779466	-1.2377042741733317	-1.292344448504063	-0.8669586642070028	-1.205641646415892	0.6678142040557484	0.48128711825515536	NA	0.22371497339537427	0.33868298220889415
korner	0.5218599755505524	Subl	C	35	213	TRUE	0.3258427149797633	0.3652129997484509	NA	0.6480945600539272	0.367577861104901	NA	0.4733699064456612	0.20293628635125044	NA	NA	NA
muter	0.5004649093036383	Poss.1Sg	V	213	17	TRUE	4.37957714844916	4.255595165573606	4.404811342033169	4.513383626914129	4.069982439603134	5.773368990496519	0.7438144784588202	NA	1.5973279087968308	-0.14921617645956076	-1.7033865508933843
kráter	1.5554389092659462	Dat	C	8	207	TRUE	-1.7542908237634245	-1.7675633046831403	NA	-1.1698335382875418	-1.4499457604048136	NA	-0.2774614553759155	-0.3906857246386013	NA	NA	NA
matek	1.7446768078145567	Dat	C	206	8	TRUE	6.8304842457962485	6.212971512952543	9.730822710355138	6.812071678119024	6.135974662869725	9.943819679584	-0.2774614553759155	-0.3906857246386013	NA	-3.5178511974025923	-3.8078450167142677
omlett	0.9301594617947097	All	C	1	205	TRUE	-2.7240493226723954	-1.6667932105474579	-3.1278597768282386	-2.896839945827541	-1.7602650632789125	-2.9387413831883342	-0.359133664992004	-0.5272796117155265	NA	1.4610665662807918	1.1784763199094215
roller	1.4284785179087636	All	C	3	204	TRUE	0.16964076092092792	0.2396701425583425	-0.10487779396037022	-0.04772694050442396	0.08472019493102859	-0.19035307464966728	-0.359133664992004	-0.5272796117155265	NA	0.3445479365187083	0.27507326958068745
burleszk	0.6649295867445704	Acc	V	1	203	TRUE	-3.526150426158892	-3.7230533689008993	-1.8770169916484425	-2.6455380908805055	-2.8596340141314114	-1.6963644204305994	-0.29383043118284424	NA	0.1555929746945892	-1.8460363772524602	-1.163269593700818
puffer	1.3898337365494366	Subl	C	7	203	TRUE	-0.4907603713473192	-0.5107956742089658	-0.41943383383116445	-0.13657735616574268	-0.1995004000706003	-0.48218675701443053	0.4733699064456612	0.20293628635125044	NA	-0.09136184037780026	0.2826863569438274
raszter	0.7107638010015679	Ins	C	12	203	TRUE	-0.6934882820153202	-0.6916640560964054	NA	-0.1136059570701097	-0.39355200740878266	NA	0.0387951515658291	-0.18567474815799134	NA	NA	NA
suszter	0.9044772870280368	Dat	C	103	203	TRUE	1.7065256580712955	1.6806756508554404	0.018182008595250782	1.5640360980471586	1.294966948824483	1.1754414396373363	-0.2774614553759155	-0.3906857246386013	NA	1.6624936422601877	0.11952550918714167
zsáner	1.2899655745630536	Poss.2Sg	V	1	203	TRUE	-2.9006035374908494	-2.900565463639605	-2.8597297368320693	-2.2706201443411436	-2.5173278647892503	-1.6963644204305994	0.3537450289204624	NA	1.2067254700130272	-0.04083572680754344	-0.8209634443586538
roller	1.4284785179087636	Dat	C	9	201	TRUE	0.16964076092092792	0.2396701425583425	-0.10487779396037022	-0.04772694050442396	0.08472019493102859	-0.19035307464966728	-0.2774614553759155	-0.3906857246386013	NA	0.3445479365187083	0.27507326958068745
rulett	1.0008565784407637	Subl	C	15	200	TRUE	-1.4387539601303823	-1.0951850479908167	-2.103919783065065	-1.3700853509758677	-1.0593975050996332	-1.912880722650881	0.4733699064456612	0.20293628635125044	NA	1.0087347350742562	0.8534832175512435
doppler	0.8742794708181493	Ins	C	6	199	TRUE	-0.9116582198227832	-0.8809902968247786	NA	-0.8432731641847944	-1.111318566940503	NA	0.0387951515658291	-0.18567474815799134	NA	NA	NA
poszter	1.7624880360068378	Poss.1Sg	V	1	198	TRUE	-2.5545974228663604	-2.1518029068387117	-3.230324375092584	-3.13694212077343	-2.2935237887373456	-3.3791508765116385	0.7438144784588202	NA	1.5973279087968308	1.078521468253868	1.0856270877742986
azbeszt	1.051092149444873	Ela	C	1	197	TRUE	-1.8617679467137156	-2.264325174461563	-1.2008102761516066	-1.9679539261719938	-2.4412415311207707	-1.0073601090589033	0.33031806042080036	0.18036767800177328	NA	-1.0635148983099612	-1.4338814220618588
konzerv	1.762724386751122	Ill	C	2	197	TRUE	-2.5201384267720455	-3.6695204075891534	-1.8015236780790072	-2.7600041364864163	-3.4510739122710548	-1.8219766366180095	1.217385048670586	1.0318553022748764	NA	-1.8679967295101392	-1.6290972756530522
rulett	1.0008565784407637	Ins	C	4	197	TRUE	-1.4387539601303823	-1.0951850479908167	-2.103919783065065	-1.3700853509758677	-1.0593975050996332	-1.912880722650881	0.0387951515658291	-0.18567474815799134	NA	1.0087347350742562	0.8534832175512435
pamflet	0.7429766651842116	Poss.3Sg	C	3	196	TRUE	-1.9778639186403308	-1.7284511956809234	-2.7764734721811224	-1.8101316020374594	-1.2672247108944366	-2.5952312694279955	0.34265423359786434	0.449770007868573	-0.11457998858783418	1.0480222765002054	1.3280065585335592
mater	1.2873847479934366	Dat	C	24	194	TRUE	0.1087594269527214	0.07199047178176739	3.3253531421055604	0.4932616758310194	0.19681708334620732	2.5958786943453727	-0.2774614553759155	-0.3906857246386013	NA	-3.2533626703237815	-2.399061610999169
balek	1.18302479496678	Poss.3Sg	C	191	11	TRUE	5.19400390862709	4.594366274077986	7.85212326911952	5.0114054131495704	4.29102959246572	8.044958839194248	0.34265423359786434	0.449770007868573	-0.11457998858783418	-3.2577569950415324	-3.753929246728532
kolesz	0.7726222789466473	Ela	C	186	24	TRUE	4.218134977258358	4.101730669087493	5.882728693144244	4.840830287447354	4.548181049615628	5.809659038143662	0.33031806042080036	0.18036767800177328	NA	-1.780998024056757	-1.2614779885280427
samesz	0.4668618282549646	Poss.3Sg	V	186	49	TRUE	3.9202706038294055	3.0613510706105815	5.0481490567224965	3.6194250066736786	2.650969881848088	4.5280177673747755	0.34265423359786434	0.449770007868573	-0.11457998858783418	-1.9867979861119096	-1.877047885526693
kráter	1.5554389092659462	Subl	C	3	184	TRUE	-1.7542908237634245	-1.7675633046831403	NA	-1.1698335382875418	-1.4499457604048136	NA	0.4733699064456612	0.20293628635125044	NA	NA	NA
matek	1.7446768078145567	Poss.3Sg	C	183	7	TRUE	6.8304842457962485	6.212971512952543	9.730822710355138	6.812071678119024	6.135974662869725	9.943819679584	0.34265423359786434	0.449770007868573	-0.11457998858783418	-3.5178511974025923	-3.8078450167142677
póker	1.4147938326074063	Ela	C	4	183	TRUE	-1.6631837528426583	-1.6640637821295017	NA	-1.3138305390485998	-1.593756799268689	NA	0.33031806042080036	0.18036767800177328	NA	NA	NA
hotel	2.9641042281879626	Pl.Poss.3Sg	C	10	182	TRUE	-0.6133259011748744	-0.6057658584826261	-1.0234829659850166	-0.2668362718090401	-0.3093944322146263	-0.9627754179609971	-0.3660503852105195	-0.17826185132906647	-0.9979505042302497	0.41771710750238356	0.6533809857463666
token	1.245905770590949	Subl	C	1	182	TRUE	-2.0572437530038483	-2.272591282069629	-0.6704418496108384	-1.8327890836969523	-2.2266061372108807	0.4968707642031446	0.4733699064456612	0.20293628635125044	NA	-1.6021494324587877	-2.723476901414017
sakter	-0.02236047956875661	Pl	V	20	181	TRUE	2.078439925265252	2.491265498591943	1.8446688113160543	1.0468503489130512	2.0941984753798657	1.2766584661742808	-1.3950395672621765	NA	-0.6092984900084293	0.6465966872758884	0.8175400092055867
szlogen	1.9318761017045023	Ela	C	1	180	TRUE	-4.474273341733412	-4.7513515748145165	-3.038743650855248	-4.272073159209653	-4.503551359734178	-3.5956688422866545	0.33031806042080036	0.18036767800177328	NA	-1.7126079239592684	-0.9078825174475185
bunker	1.476796124675244	Del	C	10	179	TRUE	0.3695563811243048	0.4393458500991544	-0.009024339704122104	0.7079250348352563	0.830178803511324	-0.3174461868620854	-0.2453854872081973	-0.4580533634530304	NA	0.4483701898032848	1.1476249903734157
partner	3.170887565855278	Ill	C	1	178	TRUE	-4.237640573949965	-2.6397879938328885	-5.5093527786781475	-4.2387020640889626	-2.88340224090286	-4.934728979308532	1.217385048670586	1.0318553022748764	NA	2.8695647848452666	2.0513267384056775
maszek	1.0569096792608152	Ade	C	177	9	TRUE	6.292533309903096	5.205635411992807	9.38661917329718	5.861708893713378	5.215065398825435	8.950885186876834	-0.07305699737370619	-0.2530423083853684	NA	-4.180983761304375	-3.7358197880514012
zsakett	-0.03701015209889327	Ine	C	40	177	TRUE	0.6011074304118538	0.6788570403496649	0.35957866943481265	0.9162479410021662	1.044826649684016	0.4154227470722573	0.6678142040557484	0.48128711825515536	NA	0.31927837091485856	0.6294039026117559
muter	0.5004649093036383	Poss.3Sg	C	176	2	TRUE	4.37957714844916	4.255595165573606	4.404811342033169	4.513383626914129	4.069982439603134	5.773368990496519	0.34265423359786434	0.449770007868573	-0.11457998858783418	-0.14921617645956076	-1.7033865508933843
szoftver	2.8823776554889804	Poss.3Sg	C	9	176	TRUE	-4.848207366947437	-5.037527390650401	-4.525476948772607	-5.244181013490532	-5.1157255540248725	-4.758345928427333	0.34265423359786434	0.449770007868573	-0.11457998858783418	-0.5120504418777898	-0.3573796255975452
fotel	1.918034842594317	Del	C	53	173	TRUE	1.4314877837785018	1.345735794516804	1.9904706343461613	1.868852526897838	1.7632267152327532	1.8069164582978572	-0.2453854872081973	-0.4580533634530304	NA	-0.6447348398293684	-0.04368974306511575
láger	1.242439945332364	Dat	C	4	173	TRUE	-0.3848762121633777	-0.3543332985696548	-2.3824116935521915	0.15124087061602298	0.1942471273524217	-2.869501447582183	-0.2774614553759155	-0.3906857246386013	NA	2.028078394982529	3.063748574934607
hardver	2.192226286470405	Poss.3Pl	V	2	172	TRUE	-2.5684018347851207	-2.6319617685230883	-2.362358860290981	-2.3842424314789215	-2.6616565314643865	-1.5406448640301422	1.2847635233137833	1.3034409700990126	2.62620257684233	-0.26960290823210187	-1.1210116674342459
skanzen	1.4895721276614022	Poss.3Sg	C	23	169	TRUE	-0.4615603606022684	-0.47669930815304473	NA	0.24047152769577637	-0.040665655407854905	NA	0.34265423359786434	0.449770007868573	-0.11457998858783418	NA	NA
motel	1.2119005338291844	Dat	C	7	168	TRUE	0.4885191599939788	0.48150674720229697	0.2791874383205992	0.947372344850152	0.9097368465291231	0.14084008671565149	-0.2774614553759155	-0.3906857246386013	NA	0.20231930888169813	0.7688967598134724
panel	2.4164305848960708	Distr:nként/Adv	V	12	168	TRUE	1.2962506675275407	1.3510573303496098	1.0490957184757776	1.060211173155013	1.4982037187111807	0.9850695221411259	-1.1299268865880847	NA	-0.23650846219703517	0.3019616118738213	0.51313419657005
rulett	1.0008565784407637	All	C	3	168	TRUE	-1.4387539601303823	-1.0951850479908167	-2.103919783065065	-1.3700853509758677	-1.0593975050996332	-1.912880722650881	-0.359133664992004	-0.5272796117155265	NA	1.0087347350742562	0.8534832175512435
skanzen	1.4895721276614022	Ins	C	11	168	TRUE	-0.4615603606022684	-0.47669930815304473	NA	0.24047152769577637	-0.040665655407854905	NA	0.0387951515658291	-0.18567474815799134	NA	NA	NA
bankett	1.09656121596579	Ins	C	11	166	TRUE	-0.397359030637319	-0.15976232776145105	-1.0694785181347308	-0.2875541442777983	-0.1624597875545382	-0.8768749697527036	0.0387951515658291	-0.18567474815799134	NA	0.909716190373274	0.7144151821981666
drukker	1.599349006057054	Ins	C	5	164	TRUE	-2.4562286593819582	-1.151812998292156	-3.067532656447431	-3.679238732866685	-1.5683133037763932	-3.5855037684676825	0.0387951515658291	-0.18567474815799134	NA	1.9157196581552682	2.0171904646912964
káder	1.0191292004490349	Dat	C	20	164	TRUE	-0.3632533101782332	0.7598828190848108	-2.192486454955027	-1.4669470279381294	0.4276283695770943	-2.7543646771308574	-0.2774614553759155	-0.3906857246386013	NA	2.952369274039839	3.1819930467079445
puffer	1.3898337365494366	Supe	V	2	164	TRUE	-0.4907603713473192	-0.5107956742089658	-0.41943383383116445	-0.13657735616574268	-0.1995004000706003	-0.48218675701443053	-0.668605230393597	NA	0.3784998623009394	-0.09136184037780026	0.2826863569438274
balek	1.18302479496678	Pl.Poss.3Sg	C	163	4	TRUE	5.19400390862709	4.594366274077986	7.85212326911952	5.0114054131495704	4.29102959246572	8.044958839194248	-0.3660503852105195	-0.17826185132906647	-0.9979505042302497	-3.2577569950415324	-3.753929246728532
klaszter	1.9252273729939529	Ela	C	2	162	TRUE	-2.540517871050928	-2.3169921818981094	-3.688394752857886	-2.8669250367186976	-1.9180746758248954	-4.19382288102171	0.33031806042080036	0.18036767800177328	NA	1.3714025709597735	2.2757482051968054
panel	2.4164305848960708	Poss.1Pl	V	24	162	TRUE	1.2962506675275407	1.3510573303496098	1.0490957184757776	1.060211173155013	1.4982037187111807	0.9850695221411259	0.15310165641401538	NA	1.2295600722356197	0.3019616118738213	0.51313419657005
maszek	1.0569096792608152	Dat	C	161	13	TRUE	6.292533309903096	5.205635411992807	9.38661917329718	5.861708893713378	5.215065398825435	8.950885186876834	-0.2774614553759155	-0.3906857246386013	NA	-4.180983761304375	-3.7358197880514012
pátens	0.4900970738392732	Poss.3Sg	V	2	161	TRUE	-1.9848798780472836	NA	-0.7942946455352409	-1.6356080956331918	NA	-0.8674093061949757	0.34265423359786434	0.449770007868573	-0.11457998858783418	NA	NA
kolesz	0.7726222789466473	Poss.3Sg	V	160	2	TRUE	4.218134977258358	4.101730669087493	5.882728693144244	4.840830287447354	4.548181049615628	5.809659038143662	0.34265423359786434	0.449770007868573	-0.11457998858783418	-1.780998024056757	-1.2614779885280427
púder	1.360068138969874	Dat	C	7	160	TRUE	-0.6187612288300788	-0.5458753059933869	-1.5714674627061478	-0.6609230453974319	-0.6841155124408549	-1.7498586746567615	-0.2774614553759155	-0.3906857246386013	NA	1.0255921567127615	1.0657431622159095
skanzen	1.4895721276614022	Transl	C	2	160	TRUE	-0.4615603606022684	-0.47669930815304473	NA	0.24047152769577637	-0.040665655407854905	NA	-0.13129248127840795	-0.3613186238423797	NA	NA	NA
pasztell	1.4163120740957438	Ine	C	7	157	TRUE	-0.21011321687667037	-0.2422367576119342	-0.9492765577974501	0.03170517963642175	-0.20670074736325145	-0.5629355387574819	0.6678142040557484	0.48128711825515536	NA	0.7070398001855125	0.356234791394229
rubel	1.3648850069419438	Ela	C	12	156	TRUE	-1.3552367197931288	-1.3534973420314007	-0.4517738340519745	-0.778942677325193	-1.0637286596072673	0.712773639979225	0.33031806042080036	0.18036767800177328	NA	-0.9017235079794261	-1.7765022995864825
okker	0.6295458844043035	Ins	C	30	154	TRUE	0.3728555253230692	0.43510418341852763	-0.2251214958907451	0.3804458442510932	0.4639988224573867	-0.6837106588302552	0.0387951515658291	-0.18567474815799134	NA	0.6602256793092778	1.1477094812876345
stukker	0.4972514689535526	Ins	C	94	152	TRUE	1.7799651525405087	1.7787676438352522	NA	1.8885704206723077	1.6071826469399213	NA	0.0387951515658291	-0.18567474815799134	NA	NA	NA
fotel	1.918034842594317	Poss.2Sg	V	35	151	TRUE	1.4314877837785018	1.345735794516804	1.9904706343461613	1.868852526897838	1.7632267152327532	1.8069164582978572	0.3537450289204624	NA	1.2067254700130272	-0.6447348398293684	-0.04368974306511575
krapek	0.2858131136537797	Acc	V	151	2	TRUE	4.819766464867598	4.038693666681293	7.026665598959007	4.642201670630355	3.6891508537739117	7.225533422368672	-0.29383043118284424	NA	0.1555929746945892	-2.9879719322777163	-3.5363825685947603
sólet	0.5795661084462529	Ins	C	6	150	TRUE	-0.12418061673030224	-0.12173024005054263	0.19314938686269686	0.002196849407772516	0.06898960502339116	0.39306869079442236	0.0387951515658291	-0.18567474815799134	NA	-0.314879626913239	-0.3240790857710323
token	1.245905770590949	Poss.3Sg	C	2	149	TRUE	-2.0572437530038483	-2.272591282069629	-0.6704418496108384	-1.8327890836969523	-2.2266061372108807	0.4968707642031446	0.34265423359786434	0.449770007868573	-0.11457998858783418	-1.6021494324587877	-2.723476901414017
bunker	1.476796124675244	Ins	C	37	148	TRUE	0.3695563811243048	0.4393458500991544	-0.009024339704122104	0.7079250348352563	0.830178803511324	-0.3174461868620854	0.0387951515658291	-0.18567474815799134	NA	0.4483701898032848	1.1476249903734157
dzsungel	1.8138983008598983	All	C	2	146	TRUE	-1.6325549408389175	-1.6287282323740715	-2.7438071454193067	-0.9762003136099631	-1.1495040589912844	-2.6983360667888165	-0.359133664992004	-0.5272796117155265	NA	1.115078913045238	1.5488320077975288
szonett	1.1139782696654663	Ela	C	4	146	TRUE	-2.2424377436965295	-2.1378570007570232	-2.402490845986368	-2.1052311118788416	-1.8379046275867064	-2.2121989668636353	0.33031806042080036	0.18036767800177328	NA	0.26463384522934064	0.3742943392769291
skanzen	1.4895721276614022	Subl	C	7	144	TRUE	-0.4615603606022684	-0.47669930815304473	NA	0.24047152769577637	-0.040665655407854905	NA	0.4733699064456612	0.20293628635125044	NA	NA	NA
sláger	2.2587678514546465	Poss.1Sg	V	1	144	TRUE	-3.6232051067595905	-2.883377868949307	-5.229198247351178	-4.041672431051077	-3.141718939777423	-4.748130832839156	0.7438144784588202	NA	1.5973279087968308	2.345820378401868	1.6064118930617326
fotel	1.918034842594317	Poss.1Sg	V	90	143	TRUE	1.4314877837785018	1.345735794516804	1.9904706343461613	1.868852526897838	1.7632267152327532	1.8069164582978572	0.7438144784588202	NA	1.5973279087968308	-0.6447348398293684	-0.04368974306511575
makett	1.6926464808727033	Ade	C	5	143	TRUE	-1.0411884671130949	-1.0139893007779466	-1.2377042741733317	-1.292344448504063	-0.8669586642070028	-1.205641646415892	-0.07305699737370619	-0.2530423083853684	NA	0.22371497339537427	0.33868298220889415
dózer	0.4877957350906076	Ins	C	97	142	TRUE	1.7536837527318527	1.7838248339167528	NA	1.884704252027322	1.6033436026008723	NA	0.0387951515658291	-0.18567474815799134	NA	NA	NA
hardver	2.192226286470405	Poss.1Pl	V	13	142	TRUE	-2.5684018347851207	-2.6319617685230883	-2.362358860290981	-2.3842424314789215	-2.6616565314643865	-1.5406448640301422	0.15310165641401538	NA	1.2295600722356197	-0.26960290823210187	-1.1210116674342459
kartell	1.1924313135247973	Del	C	3	142	TRUE	-0.6397101194751571	-0.4580578988549538	-2.7261861874338664	-0.8535344374954325	-0.203726244856184	-3.2829704187823783	-0.2453854872081973	-0.4580533634530304	NA	2.2681282885789074	3.079244173926199
sóder	0.9842054240536064	Ela	C	45	142	TRUE	1.1364217071680507	1.1017094199883335	1.4647855863902324	1.4102110443861198	1.16143557238133	1.9332398204525754	0.33031806042080036	0.18036767800177328	NA	-0.3630761664018962	-0.7718042480712342
matek	1.7446768078145567	Ade	C	141	3	TRUE	6.8304842457962485	6.212971512952543	9.730822710355138	6.812071678119024	6.135974662869725	9.943819679584	-0.07305699737370619	-0.2530423083853684	NA	-3.5178511974025923	-3.8078450167142677
samesz	0.4668618282549646	Pl.Poss.3Sg	V	141	58	TRUE	3.9202706038294055	3.0613510706105815	5.0481490567224965	3.6194250066736786	2.650969881848088	4.5280177673747755	-0.3660503852105195	-0.17826185132906647	-0.9979505042302497	-1.9867979861119096	-1.877047885526693
maszek	1.0569096792608152	All	C	140	19	TRUE	6.292533309903096	5.205635411992807	9.38661917329718	5.861708893713378	5.215065398825435	8.950885186876834	-0.359133664992004	-0.5272796117155265	NA	-4.180983761304375	-3.7358197880514012
farmer	1.984242209298364	Ade	C	44	138	TRUE	1.6783249816660524	1.7041189567438315	1.5493177130649716	1.64257520131194	1.820925303598231	1.6247447009729654	-0.07305699737370619	-0.2530423083853684	NA	0.15480124367886106	0.1961806026252617
latex	1.2796554290768758	Ill	C	7	138	TRUE	-0.6621935380344122	-0.501833248170526	-1.9548436808553753	-0.3625761429561654	-0.29848461304329416	-1.7645592416867653	1.217385048670586	1.0318553022748764	NA	1.4530104326848488	1.4660746286434687
szonett	1.1139782696654663	Dat	C	2	138	TRUE	-2.2424377436965295	-2.1378570007570232	-2.402490845986368	-2.1052311118788416	-1.8379046275867064	-2.2121989668636353	-0.2774614553759155	-0.3906857246386013	NA	0.26463384522934064	0.3742943392769291
maszek	1.0569096792608152	Acc	V	137	1	TRUE	6.292533309903096	5.205635411992807	9.38661917329718	5.861708893713378	5.215065398825435	8.950885186876834	-0.29383043118284424	NA	0.1555929746945892	-4.180983761304375	-3.7358197880514012
muter	0.5004649093036383	Dat	C	136	42	TRUE	4.37957714844916	4.255595165573606	4.404811342033169	4.513383626914129	4.069982439603134	5.773368990496519	-0.2774614553759155	-0.3906857246386013	NA	-0.14921617645956076	-1.7033865508933843
kráter	1.5554389092659462	Del	C	1	135	TRUE	-1.7542908237634245	-1.7675633046831403	NA	-1.1698335382875418	-1.4499457604048136	NA	-0.2453854872081973	-0.4580533634530304	NA	NA	NA
mater	1.2873847479934366	Ins	C	20	135	TRUE	0.1087594269527214	0.07199047178176739	3.3253531421055604	0.4932616758310194	0.19681708334620732	2.5958786943453727	0.0387951515658291	-0.18567474815799134	NA	-3.2533626703237815	-2.399061610999169
sláger	2.2587678514546465	Ade	C	2	134	TRUE	-3.6232051067595905	-2.883377868949307	-5.229198247351178	-4.041672431051077	-3.141718939777423	-4.748130832839156	-0.07305699737370619	-0.2530423083853684	NA	2.345820378401868	1.6064118930617326
sóder	0.9842054240536064	Ine	C	52	134	TRUE	1.1364217071680507	1.1017094199883335	1.4647855863902324	1.4102110443861198	1.16143557238133	1.9332398204525754	0.6678142040557484	0.48128711825515536	NA	-0.3630761664018962	-0.7718042480712342
plakett	1.2063588716944174	Ela	C	29	131	TRUE	-1.4968826011228584	-0.9851879524366344	-1.848974081442631	-1.7362178128239103	-0.9623991621067844	-1.7729714161621613	0.33031806042080036	0.18036767800177328	NA	0.8637861290060016	0.810572254055387
sóder	0.9842054240536064	Supe	V	27	131	TRUE	1.1364217071680507	1.1017094199883335	1.4647855863902324	1.4102110443861198	1.16143557238133	1.9332398204525754	-0.668605230393597	NA	0.3784998623009394	-0.3630761664018962	-0.7718042480712342
rubel	1.3648850069419438	Dat	C	2	130	TRUE	-1.3552367197931288	-1.3534973420314007	-0.4517738340519745	-0.778942677325193	-1.0637286596072673	0.712773639979225	-0.2774614553759155	-0.3906857246386013	NA	-0.9017235079794261	-1.7765022995864825
flaszter	0.45065098390392183	Subl	C	113	129	TRUE	1.947311558517949	1.9779811973450971	NA	2.2426099377849984	1.9611805068787838	NA	0.4733699064456612	0.20293628635125044	NA	NA	NA
pasztell	1.4163120740957438	Pl.Poss.3Sg	C	1	129	TRUE	-0.21011321687667037	-0.2422367576119342	-0.9492765577974501	0.03170517963642175	-0.20670074736325145	-0.5629355387574819	-0.3660503852105195	-0.17826185132906647	-0.9979505042302497	0.7070398001855125	0.356234791394229
junker	0.15585967826904645	Pl	V	2	128	TRUE	-0.41067157433321577	-0.6139735722182083	-0.09880174674548835	-1.1595042762797512	-0.9271161598526403	-0.6468764821530231	-1.3950395672621765	NA	-0.6092984900084293	-0.51517182547272	-0.2802396776996261
gólem	0.9666714958476778	Dat	C	1	127	TRUE	-1.7287488622655145	-1.7703490352445421	NA	-1.9515074147993918	-2.153240317467411	NA	-0.2774614553759155	-0.3906857246386013	NA	NA	NA
matek	1.7446768078145567	Ill	C	126	1	TRUE	6.8304842457962485	6.212971512952543	9.730822710355138	6.812071678119024	6.135974662869725	9.943819679584	1.217385048670586	1.0318553022748764	NA	-3.5178511974025923	-3.8078450167142677
okker	0.6295458844043035	Pl	V	1	126	TRUE	0.3728555253230692	0.43510418341852763	-0.2251214958907451	0.3804458442510932	0.4639988224573867	-0.6837106588302552	-1.3950395672621765	NA	-0.6092984900084293	0.6602256793092778	1.1477094812876345
makett	1.6926464808727033	Ela	C	15	125	TRUE	-1.0411884671130949	-1.0139893007779466	-1.2377042741733317	-1.292344448504063	-0.8669586642070028	-1.205641646415892	0.33031806042080036	0.18036767800177328	NA	0.22371497339537427	0.33868298220889415
pamflet	0.7429766651842116	Ine	C	3	124	TRUE	-1.9778639186403308	-1.7284511956809234	-2.7764734721811224	-1.8101316020374594	-1.2672247108944366	-2.5952312694279955	0.6678142040557484	0.48128711825515536	NA	1.0480222765002054	1.3280065585335592
sláger	2.2587678514546465	Ill	C	2	123	TRUE	-3.6232051067595905	-2.883377868949307	-5.229198247351178	-4.041672431051077	-3.141718939777423	-4.748130832839156	1.217385048670586	1.0318553022748764	NA	2.345820378401868	1.6064118930617326
sumer	1.0545026216751352	Ine	C	88	123	TRUE	3.9103556135154482	2.2313604258939503	4.654774183009057	2.9996666771687197	2.248718854542426	4.094491783711142	0.6678142040557484	0.48128711825515536	NA	-2.4234137571150995	-1.845772929168703
transzfer	2.0095093061978013	Poss.3Sg	C	5	123	TRUE	-2.418214721903974	-2.402509280985894	NA	-2.1982580734905337	-2.4759082650116597	NA	0.34265423359786434	0.449770007868573	-0.11457998858783418	NA	NA
páter	1.0617720601296703	Ins	C	8	122	TRUE	-0.094616498334511	0.02471155194523427	-1.0682021314884567	-0.5563519580692081	-0.30700821751673757	-1.617448022553488	0.0387951515658291	-0.18567474815799134	NA	1.092913683433693	1.3104398050367507
fater	1.2643232470451446	Abl	C	120	26	TRUE	5.399583301492054	5.278693673182967	NA	5.4353456297150755	5.153377941213182	NA	-0.871239227086619	-0.9615131006768824	NA	NA	NA
motel	1.2119005338291844	Ade	C	9	120	TRUE	0.4885191599939788	0.48150674720229697	0.2791874383205992	0.947372344850152	0.9097368465291231	0.14084008671565149	-0.07305699737370619	-0.2530423083853684	NA	0.20231930888169813	0.7688967598134724
pakett	0.4472263572536482	Ins	C	7	120	TRUE	0.005112786109951248	0.035458761321357946	0.1743474821002181	0.04834439923503438	0.2690330230041088	0.3017718499085538	0.0387951515658291	-0.18567474815799134	NA	-0.1388887207788656	-0.03273882690443486
token	1.245905770590949	Dat	C	1	120	TRUE	-2.0572437530038483	-2.272591282069629	-0.6704418496108384	-1.8327890836969523	-2.2266061372108807	0.4968707642031446	-0.2774614553759155	-0.3906857246386013	NA	-1.6021494324587877	-2.723476901414017
hotel	2.9641042281879626	Poss.1Sg	V	9	118	TRUE	-0.6133259011748744	-0.6057658584826261	-1.0234829659850166	-0.2668362718090401	-0.3093944322146263	-0.9627754179609971	0.7438144784588202	NA	1.5973279087968308	0.41771710750238356	0.6533809857463666
tróger	0.7114537050098807	Dat	C	27	118	TRUE	1.3396227344118834	1.3127390782597355	1.3637862315594174	0.45326406836508815	0.9643531028154795	0.805334745717331	-0.2774614553759155	-0.3906857246386013	NA	-0.05104715329967746	0.15901835709814804
zsakett	-0.03701015209889327	Acc	V	3	117	TRUE	0.6011074304118538	0.6788570403496649	0.35957866943481265	0.9162479410021662	1.044826649684016	0.4154227470722573	-0.29383043118284424	NA	0.1555929746945892	0.31927837091485856	0.6294039026117559
kartell	1.1924313135247973	Poss.3Sg	C	8	116	TRUE	-0.6397101194751571	-0.4580578988549538	-2.7261861874338664	-0.8535344374954325	-0.203726244856184	-3.2829704187823783	0.34265423359786434	0.449770007868573	-0.11457998858783418	2.2681282885789074	3.079244173926199
sólet	0.5795661084462529	Ill	C	15	116	TRUE	-0.12418061673030224	-0.12173024005054263	0.19314938686269686	0.002196849407772516	0.06898960502339116	0.39306869079442236	1.217385048670586	1.0318553022748764	NA	-0.314879626913239	-0.3240790857710323
puffer	1.3898337365494366	All	C	4	115	TRUE	-0.4907603713473192	-0.5107956742089658	-0.41943383383116445	-0.13657735616574268	-0.1995004000706003	-0.48218675701443053	-0.359133664992004	-0.5272796117155265	NA	-0.09136184037780026	0.2826863569438274
dodzsem	0.3337170824261301	Ine	C	1	112	TRUE	-1.6967593807701764	-1.6938698877798848	NA	-1.1359031225048732	-1.3896057801794206	NA	0.6678142040557484	0.48128711825515536	NA	NA	NA
rubel	1.3648850069419438	Ade	C	3	112	TRUE	-1.3552367197931288	-1.3534973420314007	-0.4517738340519745	-0.778942677325193	-1.0637286596072673	0.712773639979225	-0.07305699737370619	-0.2530423083853684	NA	-0.9017235079794261	-1.7765022995864825
hotel	2.9641042281879626	Poss.2Sg	V	3	111	TRUE	-0.6133259011748744	-0.6057658584826261	-1.0234829659850166	-0.2668362718090401	-0.3093944322146263	-0.9627754179609971	0.3537450289204624	NA	1.2067254700130272	0.41771710750238356	0.6533809857463666
rubel	1.3648850069419438	Del	C	5	111	TRUE	-1.3552367197931288	-1.3534973420314007	-0.4517738340519745	-0.778942677325193	-1.0637286596072673	0.712773639979225	-0.2453854872081973	-0.4580533634530304	NA	-0.9017235079794261	-1.7765022995864825
duett	1.4809516014593376	Ela	C	1	109	TRUE	-3.622917893866349	-3.719849551555341	-3.2536937547457865	-3.4023912322622505	-3.315768946759208	-3.0621539849526522	0.33031806042080036	0.18036767800177328	NA	-0.4661557968095593	-0.25361496180654797
bagett	1.0062847018807737	Ela	C	4	108	TRUE	-2.0605614018262695	-1.6509052684687469	-2.0840192059170746	-2.022077366397695	-1.2899438145414883	-1.8915984816966895	0.33031806042080036	0.18036767800177328	NA	0.4331139374483257	0.6016546671552021
púder	1.360068138969874	All	C	2	108	TRUE	-0.6187612288300788	-0.5458753059933869	-1.5714674627061478	-0.6609230453974319	-0.6841155124408549	-1.7498586746567615	-0.359133664992004	-0.5272796117155265	NA	1.0255921567127615	1.0657431622159095
sóder	0.9842054240536064	Subl	C	29	108	TRUE	1.1364217071680507	1.1017094199883335	1.4647855863902324	1.4102110443861198	1.16143557238133	1.9332398204525754	0.4733699064456612	0.20293628635125044	NA	-0.3630761664018962	-0.7718042480712342
rocker	1.3774960070047173	Ins	C	1	107	TRUE	-2.5731349269816755	-1.9154659573448336	-4.142360593632641	-3.537133343091516	-2.241880303780773	-4.681421378830132	0.0387951515658291	-0.18567474815799134	NA	2.2268946362878097	2.4395410750493625
balek	1.18302479496678	Subl	C	106	14	TRUE	5.19400390862709	4.594366274077986	7.85212326911952	5.0114054131495704	4.29102959246572	8.044958839194248	0.4733699064456612	0.20293628635125044	NA	-3.2577569950415324	-3.753929246728532
skanzen	1.4895721276614022	Ade	C	1	106	TRUE	-0.4615603606022684	-0.47669930815304473	NA	0.24047152769577637	-0.040665655407854905	NA	-0.07305699737370619	-0.2530423083853684	NA	NA	NA
vátesz	0.4020716349811336	Dat	C	1	104	TRUE	-1.5502414505878006	-1.5942906800841325	NA	-1.7722341848588132	-1.9765232798656196	NA	-0.2774614553759155	-0.3906857246386013	NA	NA	NA
dzsungel	1.8138983008598983	Del	C	9	103	TRUE	-1.6325549408389175	-1.6287282323740715	-2.7438071454193067	-0.9762003136099631	-1.1495040589912844	-2.6983360667888165	-0.2453854872081973	-0.4580533634530304	NA	1.115078913045238	1.5488320077975288
latex	1.2796554290768758	Ins	C	25	103	TRUE	-0.6621935380344122	-0.501833248170526	-1.9548436808553753	-0.3625761429561654	-0.29848461304329416	-1.7645592416867653	0.0387951515658291	-0.18567474815799134	NA	1.4530104326848488	1.4660746286434687
púder	1.360068138969874	Ela	C	6	103	TRUE	-0.6187612288300788	-0.5458753059933869	-1.5714674627061478	-0.6609230453974319	-0.6841155124408549	-1.7498586746567615	0.33031806042080036	0.18036767800177328	NA	1.0255921567127615	1.0657431622159095
bankett	1.09656121596579	Poss.3Sg	C	5	102	TRUE	-0.397359030637319	-0.15976232776145105	-1.0694785181347308	-0.2875541442777983	-0.1624597875545382	-0.8768749697527036	0.34265423359786434	0.449770007868573	-0.11457998858783418	0.909716190373274	0.7144151821981666
farmer	1.984242209298364	Poss.1Pl	V	22	102	TRUE	1.6783249816660524	1.7041189567438315	1.5493177130649716	1.64257520131194	1.820925303598231	1.6247447009729654	0.15310165641401538	NA	1.2295600722356197	0.15480124367886106	0.1961806026252617
modell	3.2458076642479075	Poss.3Sg	V	1	101	TRUE	-4.943735431628447	-5.0815781914209595	-4.823004150794277	-5.067962069713086	-4.94297836846933	-5.182356398677793	0.34265423359786434	0.449770007868573	-0.11457998858783418	-0.25857404062668365	0.2393780302084707
sóder	0.9842054240536064	Ill	C	34	101	TRUE	1.1364217071680507	1.1017094199883335	1.4647855863902324	1.4102110443861198	1.16143557238133	1.9332398204525754	1.217385048670586	1.0318553022748764	NA	-0.3630761664018962	-0.7718042480712342
bunker	1.476796124675244	Supe	V	2	99	TRUE	0.3695563811243048	0.4393458500991544	-0.009024339704122104	0.7079250348352563	0.830178803511324	-0.3174461868620854	-0.668605230393597	NA	0.3784998623009394	0.4483701898032848	1.1476249903734157
púder	1.360068138969874	Del	C	1	99	TRUE	-0.6187612288300788	-0.5458753059933869	-1.5714674627061478	-0.6609230453974319	-0.6841155124408549	-1.7498586746567615	-0.2453854872081973	-0.4580533634530304	NA	1.0255921567127615	1.0657431622159095
kartell	1.1924313135247973	Subl	C	5	98	TRUE	-0.6397101194751571	-0.4580578988549538	-2.7261861874338664	-0.8535344374954325	-0.203726244856184	-3.2829704187823783	0.4733699064456612	0.20293628635125044	NA	2.2681282885789074	3.079244173926199
poszter	1.7624880360068378	Poss.1Pl	V	2	98	TRUE	-2.5545974228663604	-2.1518029068387117	-3.230324375092584	-3.13694212077343	-2.2935237887373456	-3.3791508765116385	0.15310165641401538	NA	1.2295600722356197	1.078521468253868	1.0856270877742986
póker	1.4147938326074063	Ade	C	2	98	TRUE	-1.6631837528426583	-1.6640637821295017	NA	-1.3138305390485998	-1.593756799268689	NA	-0.07305699737370619	-0.2530423083853684	NA	NA	NA
bovden	0.3614813417036351	Ins	C	11	97	TRUE	0.24514459078103035	0.27529560780579515	NA	0.4011965298875112	0.12314247919330532	NA	0.0387951515658291	-0.18567474815799134	NA	NA	NA
bunker	1.476796124675244	Ade	C	15	97	TRUE	0.3695563811243048	0.4393458500991544	-0.009024339704122104	0.7079250348352563	0.830178803511324	-0.3174461868620854	-0.07305699737370619	-0.2530423083853684	NA	0.4483701898032848	1.1476249903734157
bakter	0.716349974254184	Dat	C	96	86	TRUE	3.119293519794611	2.5185969103269454	6.014651569601758	2.8314809212221133	2.2087704958796657	5.602553281365721	-0.2774614553759155	-0.3906857246386013	NA	-3.4960546592748045	-3.393782785486053
kóter	-0.0567670438663156	Ine	C	96	90	TRUE	1.786638306823474	1.7705085646801801	NA	2.6380971300100122	2.3565303815000704	NA	0.6678142040557484	0.48128711825515536	NA	NA	NA
kóter	-0.0567670438663156	Ill	C	95	83	TRUE	1.786638306823474	1.7705085646801801	NA	2.6380971300100122	2.3565303815000704	NA	1.217385048670586	1.0318553022748764	NA	NA	NA
rulett	1.0008565784407637	Dat	C	2	95	TRUE	-1.4387539601303823	-1.0951850479908167	-2.103919783065065	-1.3700853509758677	-1.0593975050996332	-1.912880722650881	-0.2774614553759155	-0.3906857246386013	NA	1.0087347350742562	0.8534832175512435
korner	0.5218599755505524	All	C	5	94	TRUE	0.3258427149797633	0.3652129997484509	NA	0.6480945600539272	0.367577861104901	NA	-0.359133664992004	-0.5272796117155265	NA	NA	NA
mater	1.2873847479934366	Ela	C	3	94	TRUE	0.1087594269527214	0.07199047178176739	3.3253531421055604	0.4932616758310194	0.19681708334620732	2.5958786943453727	0.33031806042080036	0.18036767800177328	NA	-3.2533626703237815	-2.399061610999169
pakett	0.4472263572536482	Poss.3Sg	C	11	94	TRUE	0.005112786109951248	0.035458761321357946	0.1743474821002181	0.04834439923503438	0.2690330230041088	0.3017718499085538	0.34265423359786434	0.449770007868573	-0.11457998858783418	-0.1388887207788656	-0.03273882690443486
bakter	0.716349974254184	Pl	V	93	1	TRUE	3.119293519794611	2.5185969103269454	6.014651569601758	2.8314809212221133	2.2087704958796657	5.602553281365721	-1.3950395672621765	NA	-0.6092984900084293	-3.4960546592748045	-3.393782785486053
bagett	1.0062847018807737	Ine	C	2	90	TRUE	-2.0605614018262695	-1.6509052684687469	-2.0840192059170746	-2.022077366397695	-1.2899438145414883	-1.8915984816966895	0.6678142040557484	0.48128711825515536	NA	0.4331139374483257	0.6016546671552021
notesz	1.2106855490122028	Subl	C	48	90	TRUE	0.6549311265381912	0.7938509205486918	0.9460785193667216	0.8671010431782441	1.3741669106170142	1.1044316142788237	0.4733699064456612	0.20293628635125044	NA	-0.15222759881802972	0.26973529633819737
flanel	0.35638106706207384	Ela	C	15	89	TRUE	1.6804832661958133	1.4561003812292692	3.403704400208321	1.8979846204087558	1.562115176757378	3.0448321728732366	0.33031806042080036	0.18036767800177328	NA	-1.9476040189790638	-1.4827169961158688
klozet	0.06396436403742334	Supe	V	89	32	TRUE	3.3892947463664207	2.8867325963948014	3.983455086932854	3.3791696818876344	3.1284547405658683	4.178220485957636	-0.668605230393597	NA	0.3784998623009394	-1.096722490538042	-1.0497657453917668
láger	1.242439945332364	Del	C	1	89	TRUE	-0.3848762121633777	-0.3543332985696548	-2.3824116935521915	0.15124087061602298	0.1942471273524217	-2.869501447582183	-0.2453854872081973	-0.4580533634530304	NA	2.028078394982529	3.063748574934607
latex	1.2796554290768758	Dat	C	4	87	TRUE	-0.6621935380344122	-0.501833248170526	-1.9548436808553753	-0.3625761429561654	-0.29848461304329416	-1.7645592416867653	-0.2774614553759155	-0.3906857246386013	NA	1.4530104326848488	1.4660746286434687
notesz	1.2106855490122028	Pl.Poss.3Sg	V	1	87	TRUE	0.6549311265381912	0.7938509205486918	0.9460785193667216	0.8671010431782441	1.3741669106170142	1.1044316142788237	-0.3660503852105195	-0.17826185132906647	-0.9979505042302497	-0.15222759881802972	0.26973529633819737
omlett	0.9301594617947097	Subl	C	1	87	TRUE	-2.7240493226723954	-1.6667932105474579	-3.1278597768282386	-2.896839945827541	-1.7602650632789125	-2.9387413831883342	0.4733699064456612	0.20293628635125044	NA	1.4610665662807918	1.1784763199094215
bagett	1.0062847018807737	Ill	C	6	86	TRUE	-2.0605614018262695	-1.6509052684687469	-2.0840192059170746	-2.022077366397695	-1.2899438145414883	-1.8915984816966895	1.217385048670586	1.0318553022748764	NA	0.4331139374483257	0.6016546671552021
púder	1.360068138969874	Ill	C	4	86	TRUE	-0.6187612288300788	-0.5458753059933869	-1.5714674627061478	-0.6609230453974319	-0.6841155124408549	-1.7498586746567615	1.217385048670586	1.0318553022748764	NA	1.0255921567127615	1.0657431622159095
bukfenc	1.0306613020268856	Poss.3Sg	V	1	85	TRUE	-3.521029447198864	NA	-3.1781781202910775	-3.7316083956007606	NA	-2.973722620245886	0.34265423359786434	0.449770007868573	-0.11457998858783418	NA	NA
latex	1.2796554290768758	All	C	1	85	TRUE	-0.6621935380344122	-0.501833248170526	-1.9548436808553753	-0.3625761429561654	-0.29848461304329416	-1.7645592416867653	-0.359133664992004	-0.5272796117155265	NA	1.4530104326848488	1.4660746286434687
fotel	1.918034842594317	Pl.Poss.3Sg	C	9	84	TRUE	1.4314877837785018	1.345735794516804	1.9904706343461613	1.868852526897838	1.7632267152327532	1.8069164582978572	-0.3660503852105195	-0.17826185132906647	-0.9979505042302497	-0.6447348398293684	-0.04368974306511575
ágens	1.3130456667326265	Abl	C	2	84	TRUE	-2.843169907285617	-1.9977715357197305	-3.636797066124861	-3.9496943369949227	-2.47530953146927	-4.1439442613841955	-0.871239227086619	-0.9615131006768824	NA	1.639025530405121	1.6686347299149276
notesz	1.2106855490122028	Poss.2Sg	V	7	83	TRUE	0.6549311265381912	0.7938509205486918	0.9460785193667216	0.8671010431782441	1.3741669106170142	1.1044316142788237	0.3537450289204624	NA	1.2067254700130272	-0.15222759881802972	0.26973529633819737
koncert	3.0752510936798796	Poss.3Sg	V	1	82	TRUE	-6.009157815699876	-5.877877815512749	-6.35133466720042	-5.9821708966967515	-5.6251713725767	-6.006673368135875	0.34265423359786434	0.449770007868573	-0.11457998858783418	0.47345685168767204	0.3815019955591765
konzerv	1.762724386751122	Poss.1Pl	V	2	82	TRUE	-2.5201384267720455	-3.6695204075891534	-1.8015236780790072	-2.7600041364864163	-3.4510739122710548	-1.8219766366180095	0.15310165641401538	NA	1.2295600722356197	-1.8679967295101392	-1.6290972756530522
panel	2.4164305848960708	Pl.Poss.1Pl	C	9	82	TRUE	1.2962506675275407	1.3510573303496098	1.0490957184757776	1.060211173155013	1.4982037187111807	0.9850695221411259	-0.4336227056899424	-0.43912103034877586	1.2596801884470352	0.3019616118738213	0.51313419657005
sábesz	-0.06082861170966497	Subl	C	4	82	TRUE	-0.20166869556368902	-0.13782643824694835	NA	0.2344689940951661	-0.040971229238105374	NA	0.4733699064456612	0.20293628635125044	NA	NA	NA
klozet	0.06396436403742334	Subl	C	81	21	TRUE	3.3892947463664207	2.8867325963948014	3.983455086932854	3.3791696818876344	3.1284547405658683	4.178220485957636	0.4733699064456612	0.20293628635125044	NA	-1.096722490538042	-1.0497657453917668
láger	1.242439945332364	Supe	V	1	81	TRUE	-0.3848762121633777	-0.3543332985696548	-2.3824116935521915	0.15124087061602298	0.1942471273524217	-2.869501447582183	-0.668605230393597	NA	0.3784998623009394	2.028078394982529	3.063748574934607
skanzen	1.4895721276614022	Ela	C	5	81	TRUE	-0.4615603606022684	-0.47669930815304473	NA	0.24047152769577637	-0.040665655407854905	NA	0.33031806042080036	0.18036767800177328	NA	NA	NA
sláger	2.2587678514546465	Abl	C	1	81	TRUE	-3.6232051067595905	-2.883377868949307	-5.229198247351178	-4.041672431051077	-3.141718939777423	-4.748130832839156	-0.871239227086619	-0.9615131006768824	NA	2.345820378401868	1.6064118930617326
srapnel	0.01001470890808267	Ins	C	8	81	TRUE	0.289835836980529	0.30477180051757924	NA	0.25502731331126205	-0.02111473831083197	NA	0.0387951515658291	-0.18567474815799134	NA	NA	NA
sumer	1.0545026216751352	Dat	C	45	81	TRUE	3.9103556135154482	2.2313604258939503	4.654774183009057	2.9996666771687197	2.248718854542426	4.094491783711142	-0.2774614553759155	-0.3906857246386013	NA	-2.4234137571150995	-1.845772929168703
fater	1.2643232470451446	All	C	80	9	TRUE	5.399583301492054	5.278693673182967	NA	5.4353456297150755	5.153377941213182	NA	-0.359133664992004	-0.5272796117155265	NA	NA	NA
mágnes	1.8441518280462148	Ade	C	1	80	TRUE	-3.855580201204639	-3.828167106280691	NA	-3.7797480753819483	-4.0439184699360045	NA	-0.07305699737370619	-0.2530423083853684	NA	NA	NA
parszek	-0.2499378462191083	Subl	C	6	80	TRUE	-0.2104437551890768	-0.14798487826204398	NA	0.27548418863300933	-7.329816120314155e-4	NA	0.4733699064456612	0.20293628635125044	NA	NA	NA
samesz	0.4668618282549646	Pl	V	80	33	TRUE	3.9202706038294055	3.0613510706105815	5.0481490567224965	3.6194250066736786	2.650969881848088	4.5280177673747755	-1.3950395672621765	NA	-0.6092984900084293	-1.9867979861119096	-1.877047885526693
fráter	1.1826921806578794	Ins	C	8	79	TRUE	-0.04314583262104413	0.10254600846284118	-0.9421173302902134	-0.5815050824962534	-0.19031433574358594	-1.4979969406919798	0.0387951515658291	-0.18567474815799134	NA	1.044663338753054	1.307682604948397
suszter	0.9044772870280368	All	C	13	79	TRUE	1.7065256580712955	1.6806756508554404	0.018182008595250782	1.5640360980471586	1.294966948824483	1.1754414396373363	-0.359133664992004	-0.5272796117155265	NA	1.6624936422601877	0.11952550918714167
mater	1.2873847479934366	Subl	C	76	78	TRUE	0.1087594269527214	0.07199047178176739	3.3253531421055604	0.4932616758310194	0.19681708334620732	2.5958786943453727	0.4733699064456612	0.20293628635125044	NA	-3.2533626703237815	-2.399061610999169
póker	1.4147938326074063	Abl	C	2	78	TRUE	-1.6631837528426583	-1.6640637821295017	NA	-1.3138305390485998	-1.593756799268689	NA	-0.871239227086619	-0.9615131006768824	NA	NA	NA
token	1.245905770590949	All	C	1	78	TRUE	-2.0572437530038483	-2.272591282069629	-0.6704418496108384	-1.8327890836969523	-2.2266061372108807	0.4968707642031446	-0.359133664992004	-0.5272796117155265	NA	-1.6021494324587877	-2.723476901414017
hotel	2.9641042281879626	Poss.3Pl	C	4	77	TRUE	-0.6133259011748744	-0.6057658584826261	-1.0234829659850166	-0.2668362718090401	-0.3093944322146263	-0.9627754179609971	1.2847635233137833	1.3034409700990126	2.62620257684233	0.41771710750238356	0.6533809857463666
kupec	0.4459578141554795	Dat	C	2	77	TRUE	1.3007474188318735	0.10650117359579525	1.851217510017771	0.4514254079465868	-0.3519515178433392	1.420202796489908	-0.2774614553759155	-0.3906857246386013	NA	-1.7447163364219733	-1.7721543143332354
motel	1.2119005338291844	Poss.1Pl	V	10	77	TRUE	0.4885191599939788	0.48150674720229697	0.2791874383205992	0.947372344850152	0.9097368465291231	0.14084008671565149	0.15310165641401538	NA	1.2295600722356197	0.20231930888169813	0.7688967598134724
pasztell	1.4163120740957438	Poss.3Sg	C	3	77	TRUE	-0.21011321687667037	-0.2422367576119342	-0.9492765577974501	0.03170517963642175	-0.20670074736325145	-0.5629355387574819	0.34265423359786434	0.449770007868573	-0.11457998858783418	0.7070398001855125	0.356234791394229
púder	1.360068138969874	Ine	C	12	77	TRUE	-0.6187612288300788	-0.5458753059933869	-1.5714674627061478	-0.6609230453974319	-0.6841155124408549	-1.7498586746567615	0.6678142040557484	0.48128711825515536	NA	1.0255921567127615	1.0657431622159095
szovjet	2.59966886920045	All	C	1	77	TRUE	-4.180216730124447	-0.9556959187548019	-5.026352006514041	-5.504641410165539	-1.3735788594111211	-5.5841093550202725	-0.359133664992004	-0.5272796117155265	NA	4.070656087759247	4.210530495609149
szubrett	0.34370664438708193	Acc	V	1	77	TRUE	-1.2679916869961363	NA	-0.9741839974199903	-1.5032753520195041	NA	-0.7942618852220792	-0.29383043118284424	NA	0.1555929746945892	NA	NA
moped	0.9109327535484344	Dat	C	4	76	TRUE	-1.4248393570995521	-0.640378387465916	-2.579802091049285	-1.4634615395653348	-0.6167007954827671	-2.3929511470776084	-0.2774614553759155	-0.3906857246386013	NA	1.9394237035833726	1.7762503515948396
púder	1.360068138969874	Abl	C	4	76	TRUE	-0.6187612288300788	-0.5458753059933869	-1.5714674627061478	-0.6609230453974319	-0.6841155124408549	-1.7498586746567615	-0.871239227086619	-0.9615131006768824	NA	1.0255921567127615	1.0657431622159095
makett	1.6926464808727033	Pl.Poss.1Sg	C	4	75	TRUE	-1.0411884671130949	-1.0139893007779466	-1.2377042741733317	-1.292344448504063	-0.8669586642070028	-1.205641646415892	0.6131297192077504	0.8444837952938684	-6.133683343026464	0.22371497339537427	0.33868298220889415
motel	1.2119005338291844	Ins	C	6	75	TRUE	0.4885191599939788	0.48150674720229697	0.2791874383205992	0.947372344850152	0.9097368465291231	0.14084008671565149	0.0387951515658291	-0.18567474815799134	NA	0.20231930888169813	0.7688967598134724
karter	0.13926501315555695	Ill	C	74	57	TRUE	1.290083420779366	1.2713194507612067	NA	2.0520311456134883	1.7705532074882335	NA	1.217385048670586	1.0318553022748764	NA	NA	NA
muter	0.5004649093036383	Ins	C	74	14	TRUE	4.37957714844916	4.255595165573606	4.404811342033169	4.513383626914129	4.069982439603134	5.773368990496519	0.0387951515658291	-0.18567474815799134	NA	-0.14921617645956076	-1.7033865508933843
szovjet	2.59966886920045	Abl	C	1	74	TRUE	-4.180216730124447	-0.9556959187548019	-5.026352006514041	-5.504641410165539	-1.3735788594111211	-5.5841093550202725	-0.871239227086619	-0.9615131006768824	NA	4.070656087759247	4.210530495609149
sólet	0.5795661084462529	All	C	3	74	TRUE	-0.12418061673030224	-0.12173024005054263	0.19314938686269686	0.002196849407772516	0.06898960502339116	0.39306869079442236	-0.359133664992004	-0.5272796117155265	NA	-0.314879626913239	-0.3240790857710323
malter	0.6100893505755742	Ill	C	73	18	TRUE	3.6863291300798755	3.696530629589436	3.4032691387090326	3.8232012844687486	3.5663554892769227	3.4050478886486033	1.217385048670586	1.0318553022748764	NA	0.293261490880397	0.1613076006283336
transzfer	2.0095093061978013	Ade	C	1	73	TRUE	-2.418214721903974	-2.402509280985894	NA	-2.1982580734905337	-2.4759082650116597	NA	-0.07305699737370619	-0.2530423083853684	NA	NA	NA
balek	1.18302479496678	Transl	C	72	10	TRUE	5.19400390862709	4.594366274077986	7.85212326911952	5.0114054131495704	4.29102959246572	8.044958839194248	-0.13129248127840795	-0.3613186238423797	NA	-3.2577569950415324	-3.753929246728532
hardver	2.192226286470405	Poss.3Sg	C	1	72	TRUE	-2.5684018347851207	-2.6319617685230883	-2.362358860290981	-2.3842424314789215	-2.6616565314643865	-1.5406448640301422	0.34265423359786434	0.449770007868573	-0.11457998858783418	-0.26960290823210187	-1.1210116674342459
koffer	0.9596105383709403	Ela	C	21	72	TRUE	1.133986957218971	1.0491872103770599	1.503004027343311	1.497464821856713	1.37821131399058	1.729203189665714	0.33031806042080036	0.18036767800177328	NA	-0.45381681696625265	-0.3509918756751347
plakett	1.2063588716944174	Subl	C	1	72	TRUE	-1.4968826011228584	-0.9851879524366344	-1.848974081442631	-1.7362178128239103	-0.9623991621067844	-1.7729714161621613	0.4733699064456612	0.20293628635125044	NA	0.8637861290060016	0.810572254055387
modem	1.8046211752050836	Poss.1Pl	V	9	71	TRUE	-2.705455674473216	-2.721219483326244	-2.4834319679243997	-2.765776541416366	-2.795085734628752	-2.0955737370732432	0.15310165641401538	NA	1.2295600722356197	-0.23778751540183407	-0.6995119975555184
dózer	0.4877957350906076	Subl	C	25	70	TRUE	1.7536837527318527	1.7838248339167528	NA	1.884704252027322	1.6033436026008723	NA	0.4733699064456612	0.20293628635125044	NA	NA	NA
kopek	0.13371366596503742	Acc	V	10	70	TRUE	0.9245469922653405	0.7859829255631626	1.40692869546813	0.9927659614323369	1.0673464748721766	1.5655672075671405	-0.29383043118284424	NA	0.1555929746945892	-0.6209457699049636	-0.4982207326949606
káder	1.0191292004490349	Ins	C	4	70	TRUE	-0.3632533101782332	0.7598828190848108	-2.192486454955027	-1.4669470279381294	0.4276283695770943	-2.7543646771308574	0.0387951515658291	-0.18567474815799134	NA	2.952369274039839	3.1819930467079445
kókler	0.9301594617947097	Ins	C	8	70	TRUE	-0.6727401681826641	-0.24575373217961363	-1.3740015968298946	-1.60167714007776	-0.5496631699777804	-1.9381777310307067	0.0387951515658291	-0.18567474815799134	NA	1.128247864650291	1.3885145610529293
plakett	1.2063588716944174	Ine	C	2	70	TRUE	-1.4968826011228584	-0.9851879524366344	-1.848974081442631	-1.7362178128239103	-0.9623991621067844	-1.7729714161621613	0.6678142040557484	0.48128711825515536	NA	0.8637861290060016	0.810572254055387
zsáner	1.2899655745630536	Ade	C	1	70	TRUE	-2.9006035374908494	-2.900565463639605	-2.8597297368320693	-2.2706201443411436	-2.5173278647892503	-1.6963644204305994	-0.07305699737370619	-0.2530423083853684	NA	-0.04083572680754344	-0.8209634443586538
bakter	0.716349974254184	Ins	C	47	69	TRUE	3.119293519794611	2.5185969103269454	6.014651569601758	2.8314809212221133	2.2087704958796657	5.602553281365721	0.0387951515658291	-0.18567474815799134	NA	-3.4960546592748045	-3.393782785486053
kadet	1.0549493807742008	Ins	C	28	69	TRUE	2.36110488885739	1.8802564134333617	2.8242669752331517	1.6686132448989466	1.6977542568474873	2.2979929256397296	0.0387951515658291	-0.18567474815799134	NA	-0.9440105617998	-0.6002386687922439
notesz	1.2106855490122028	Dat	C	8	69	TRUE	0.6549311265381912	0.7938509205486918	0.9460785193667216	0.8671010431782441	1.3741669106170142	1.1044316142788237	-0.2774614553759155	-0.3906857246386013	NA	-0.15222759881802972	0.26973529633819737
azbeszt	1.051092149444873	All	C	2	68	TRUE	-1.8617679467137156	-2.264325174461563	-1.2008102761516066	-1.9679539261719938	-2.4412415311207707	-1.0073601090589033	-0.359133664992004	-0.5272796117155265	NA	-1.0635148983099612	-1.4338814220618588
fotel	1.918034842594317	Abl	C	27	68	TRUE	1.4314877837785018	1.345735794516804	1.9904706343461613	1.868852526897838	1.7632267152327532	1.8069164582978572	-0.871239227086619	-0.9615131006768824	NA	-0.6447348398293684	-0.04368974306511575
motel	1.2119005338291844	All	C	8	68	TRUE	0.4885191599939788	0.48150674720229697	0.2791874383205992	0.947372344850152	0.9097368465291231	0.14084008671565149	-0.359133664992004	-0.5272796117155265	NA	0.20231930888169813	0.7688967598134724
skanzen	1.4895721276614022	Del	C	19	68	TRUE	-0.4615603606022684	-0.47669930815304473	NA	0.24047152769577637	-0.040665655407854905	NA	-0.2453854872081973	-0.4580533634530304	NA	NA	NA
motel	1.2119005338291844	Ela	C	25	67	TRUE	0.4885191599939788	0.48150674720229697	0.2791874383205992	0.947372344850152	0.9097368465291231	0.14084008671565149	0.33031806042080036	0.18036767800177328	NA	0.20231930888169813	0.7688967598134724
tandem	1.0699583224183673	Subl	C	1	67	TRUE	-2.022518365410802	-1.914587789771656	-2.578821982685726	-1.6830901197701642	-1.6800218289294535	-2.3977008078677002	0.4733699064456612	0.20293628635125044	NA	0.6642341929140656	0.7176789789382383
panel	2.4164305848960708	Transl	C	10	66	TRUE	1.2962506675275407	1.3510573303496098	1.0490957184757776	1.060211173155013	1.4982037187111807	0.9850695221411259	-0.13129248127840795	-0.3613186238423797	NA	0.3019616118738213	0.51313419657005
rubel	1.3648850069419438	All	C	6	66	TRUE	-1.3552367197931288	-1.3534973420314007	-0.4517738340519745	-0.778942677325193	-1.0637286596072673	0.712773639979225	-0.359133664992004	-0.5272796117155265	NA	-0.9017235079794261	-1.7765022995864825
rulett	1.0008565784407637	Del	C	1	66	TRUE	-1.4387539601303823	-1.0951850479908167	-2.103919783065065	-1.3700853509758677	-1.0593975050996332	-1.912880722650881	-0.2453854872081973	-0.4580533634530304	NA	1.0087347350742562	0.8534832175512435
vamzer	-0.22033518283074652	Pl	V	2	65	TRUE	1.0629962262700383	1.249087913606784	0.550938373709423	0.2652026734018032	0.8406787590870837	0.003875029185503988	-1.3950395672621765	NA	-0.6092984900084293	0.6981495398973578	0.8368037299015754
bróker	1.509573270037965	Del	C	1	63	TRUE	-2.286505028326589	-2.2134181421107044	-2.394397333273504	-2.9543981347909236	-2.5127452563226202	-2.9587112259630115	-0.2453854872081973	-0.4580533634530304	NA	0.18097919116280536	0.4459659696403975
koffer	0.9596105383709403	Poss.1Sg	V	16	63	TRUE	1.133986957218971	1.0491872103770599	1.503004027343311	1.497464821856713	1.37821131399058	1.729203189665714	0.7438144784588202	NA	1.5973279087968308	-0.45381681696625265	-0.3509918756751347
krapek	0.2858131136537797	Ins	C	63	10	TRUE	4.819766464867598	4.038693666681293	7.026665598959007	4.642201670630355	3.6891508537739117	7.225533422368672	0.0387951515658291	-0.18567474815799134	NA	-2.9879719322777163	-3.5363825685947603
kupec	0.4459578141554795	Acc	V	10	63	TRUE	1.3007474188318735	0.10650117359579525	1.851217510017771	0.4514254079465868	-0.3519515178433392	1.420202796489908	-0.29383043118284424	NA	0.1555929746945892	-1.7447163364219733	-1.7721543143332354
notesz	1.2106855490122028	Supe	V	10	63	TRUE	0.6549311265381912	0.7938509205486918	0.9460785193667216	0.8671010431782441	1.3741669106170142	1.1044316142788237	-0.668605230393597	NA	0.3784998623009394	-0.15222759881802972	0.26973529633819737
haver	2.2866022611361054	Del	C	62	15	TRUE	7.858040315490662	6.51741962550768	8.80008836561386	7.329312325716447	6.429911701261939	8.824082393405913	-0.2453854872081973	-0.4580533634530304	NA	-2.2826687401061747	-2.394170692143973
klozet	0.06396436403742334	Ill	C	62	17	TRUE	3.3892947463664207	2.8867325963948014	3.983455086932854	3.3791696818876344	3.1284547405658683	4.178220485957636	1.217385048670586	1.0318553022748764	NA	-1.096722490538042	-1.0497657453917668
raszter	0.7107638010015679	Subl	C	2	62	TRUE	-0.6934882820153202	-0.6916640560964054	NA	-0.1136059570701097	-0.39355200740878266	NA	0.4733699064456612	0.20293628635125044	NA	NA	NA
rocker	1.3774960070047173	Transl	C	1	62	TRUE	-2.5731349269816755	-1.9154659573448336	-4.142360593632641	-3.537133343091516	-2.241880303780773	-4.681421378830132	-0.13129248127840795	-0.3613186238423797	NA	2.2268946362878097	2.4395410750493625
sólet	0.5795661084462529	Dat	C	3	62	TRUE	-0.12418061673030224	-0.12173024005054263	0.19314938686269686	0.002196849407772516	0.06898960502339116	0.39306869079442236	-0.2774614553759155	-0.3906857246386013	NA	-0.314879626913239	-0.3240790857710323
bunker	1.476796124675244	Transl	C	4	61	TRUE	0.3695563811243048	0.4393458500991544	-0.009024339704122104	0.7079250348352563	0.830178803511324	-0.3174461868620854	-0.13129248127840795	-0.3613186238423797	NA	0.4483701898032848	1.1476249903734157
kábel	2.5255200123429824	Poss.3Sg	C	23	61	TRUE	-1.9182344874011954	-1.665743510161935	-2.64570839835132	-2.279435937498378	-1.795492792098046	-2.7048180941551365	0.34265423359786434	0.449770007868573	-0.11457998858783418	0.9799648881893859	0.9093253020570984
panel	2.4164305848960708	Poss.2Sg	V	27	60	TRUE	1.2962506675275407	1.3510573303496098	1.0490957184757776	1.060211173155013	1.4982037187111807	0.9850695221411259	0.3537450289204624	NA	1.2067254700130272	0.3019616118738213	0.51313419657005
pasztell	1.4163120740957438	Supe	V	1	60	TRUE	-0.21011321687667037	-0.2422367576119342	-0.9492765577974501	0.03170517963642175	-0.20670074736325145	-0.5629355387574819	-0.668605230393597	NA	0.3784998623009394	0.7070398001855125	0.356234791394229
karter	0.13926501315555695	Ine	C	24	59	TRUE	1.290083420779366	1.2713194507612067	NA	2.0520311456134883	1.7705532074882335	NA	0.6678142040557484	0.48128711825515536	NA	NA	NA
makett	1.6926464808727033	Ill	C	7	59	TRUE	-1.0411884671130949	-1.0139893007779466	-1.2377042741733317	-1.292344448504063	-0.8669586642070028	-1.205641646415892	1.217385048670586	1.0318553022748764	NA	0.22371497339537427	0.33868298220889415
partner	3.170887565855278	Acc	V	2	59	TRUE	-4.237640573949965	-2.6397879938328885	-5.5093527786781475	-4.2387020640889626	-2.88340224090286	-4.934728979308532	-0.29383043118284424	NA	0.1555929746945892	2.8695647848452666	2.0513267384056775
puffer	1.3898337365494366	Del	C	5	59	TRUE	-0.4907603713473192	-0.5107956742089658	-0.41943383383116445	-0.13657735616574268	-0.1995004000706003	-0.48218675701443053	-0.2453854872081973	-0.4580533634530304	NA	-0.09136184037780026	0.2826863569438274
rocker	1.3774960070047173	Ela	C	1	59	TRUE	-2.5731349269816755	-1.9154659573448336	-4.142360593632641	-3.537133343091516	-2.241880303780773	-4.681421378830132	0.33031806042080036	0.18036767800177328	NA	2.2268946362878097	2.4395410750493625
balek	1.18302479496678	Ins	C	58	16	TRUE	5.19400390862709	4.594366274077986	7.85212326911952	5.0114054131495704	4.29102959246572	8.044958839194248	0.0387951515658291	-0.18567474815799134	NA	-3.2577569950415324	-3.753929246728532
klozet	0.06396436403742334	Acc	V	58	25	TRUE	3.3892947463664207	2.8867325963948014	3.983455086932854	3.3791696818876344	3.1284547405658683	4.178220485957636	-0.29383043118284424	NA	0.1555929746945892	-1.096722490538042	-1.0497657453917668
mutter	0.41434513085899255	Poss.3Sg	C	58	7	TRUE	3.023097240355212	2.841230711042891	3.99721517432592	2.99328124589384	2.7081287065930097	3.804339791893953	0.34265423359786434	0.449770007868573	-0.11457998858783418	-1.1559844632830192	-1.0962110853009364
pakett	0.4472263572536482	Pl	V	1	58	TRUE	0.005112786109951248	0.035458761321357946	0.1743474821002181	0.04834439923503438	0.2690330230041088	0.3017718499085538	-1.3950395672621765	NA	-0.6092984900084293	-0.1388887207788656	-0.03273882690443486
roller	1.4284785179087636	Poss.1Pl	V	2	58	TRUE	0.16964076092092792	0.2396701425583425	-0.10487779396037022	-0.04772694050442396	0.08472019493102859	-0.19035307464966728	0.15310165641401538	NA	1.2295600722356197	0.3445479365187083	0.27507326958068745
kukker	0.09923081884002372	Ins	C	26	57	TRUE	1.1846179082547683	1.1874827357435913	NA	1.5730357371951085	1.2917395990234863	NA	0.0387951515658291	-0.18567474815799134	NA	NA	NA
mutter	0.41434513085899255	Dat	C	57	32	TRUE	3.023097240355212	2.841230711042891	3.99721517432592	2.99328124589384	2.7081287065930097	3.804339791893953	-0.2774614553759155	-0.3906857246386013	NA	-1.1559844632830192	-1.0962110853009364
transzfer	2.0095093061978013	Ill	C	3	57	TRUE	-2.418214721903974	-2.402509280985894	NA	-2.1982580734905337	-2.4759082650116597	NA	1.217385048670586	1.0318553022748764	NA	NA	NA
barter	0.48713596362774514	Ill	C	14	56	TRUE	-0.21818576577981116	-0.2250763977491314	NA	0.46570378668387863	0.18537517226678127	NA	1.217385048670586	1.0318553022748764	NA	NA	NA
notesz	1.2106855490122028	Ela	C	30	56	TRUE	0.6549311265381912	0.7938509205486918	0.9460785193667216	0.8671010431782441	1.3741669106170142	1.1044316142788237	0.33031806042080036	0.18036767800177328	NA	-0.15222759881802972	0.26973529633819737
bunker	1.476796124675244	Abl	C	13	55	TRUE	0.3695563811243048	0.4393458500991544	-0.009024339704122104	0.7079250348352563	0.830178803511324	-0.3174461868620854	-0.871239227086619	-0.9615131006768824	NA	0.4483701898032848	1.1476249903734157
falzett	-0.16139740357670246	Ine	C	9	55	TRUE	0.3487199597047354	0.3178422416164411	0.5245294756585681	0.776371342732942	0.7702390032479395	0.459686892472368	0.6678142040557484	0.48128711825515536	NA	-0.2066872340421213	0.3105521107755749
láger	1.242439945332364	Subl	C	4	55	TRUE	-0.3848762121633777	-0.3543332985696548	-2.3824116935521915	0.15124087061602298	0.1942471273524217	-2.869501447582183	0.4733699064456612	0.20293628635125044	NA	2.028078394982529	3.063748574934607
makett	1.6926464808727033	Poss.2Sg	V	3	55	TRUE	-1.0411884671130949	-1.0139893007779466	-1.2377042741733317	-1.292344448504063	-0.8669586642070028	-1.205641646415892	0.3537450289204624	NA	1.2067254700130272	0.22371497339537427	0.33868298220889415
omlett	0.9301594617947097	Ine	C	1	55	TRUE	-2.7240493226723954	-1.6667932105474579	-3.1278597768282386	-2.896839945827541	-1.7602650632789125	-2.9387413831883342	0.6678142040557484	0.48128711825515536	NA	1.4610665662807918	1.1784763199094215
panel	2.4164305848960708	Poss.3Pl	C	7	55	TRUE	1.2962506675275407	1.3510573303496098	1.0490957184757776	1.060211173155013	1.4982037187111807	0.9850695221411259	1.2847635233137833	1.3034409700990126	2.62620257684233	0.3019616118738213	0.51313419657005
bankett	1.09656121596579	Dat	C	1	54	TRUE	-0.397359030637319	-0.15976232776145105	-1.0694785181347308	-0.2875541442777983	-0.1624597875545382	-0.8768749697527036	-0.2774614553759155	-0.3906857246386013	NA	0.909716190373274	0.7144151821981666
drukker	1.599349006057054	Abl	C	2	54	TRUE	-2.4562286593819582	-1.151812998292156	-3.067532656447431	-3.679238732866685	-1.5683133037763932	-3.5855037684676825	-0.871239227086619	-0.9615131006768824	NA	1.9157196581552682	2.0171904646912964
pollen	1.5346232211256754	Poss.3Pl	C	1	54	TRUE	-3.9585721424274696	-3.9520781175279307	-4.329927192954612	-4.401246377303276	-3.6698042910987394	-4.869365974064371	1.2847635233137833	1.3034409700990126	2.62620257684233	0.3778490754266812	1.1995616829656228
roller	1.4284785179087636	Poss.2Sg	V	1	54	TRUE	0.16964076092092792	0.2396701425583425	-0.10487779396037022	-0.04772694050442396	0.08472019493102859	-0.19035307464966728	0.3537450289204624	NA	1.2067254700130272	0.3445479365187083	0.27507326958068745
subler	-0.6681670614484213	Ins	C	8	54	TRUE	0.7499829294859521	0.7739774139287557	NA	0.811403569576884	0.5331346336928465	NA	0.0387951515658291	-0.18567474815799134	NA	NA	NA
szovjet	2.59966886920045	Subl	C	2	54	TRUE	-4.180216730124447	-0.9556959187548019	-5.026352006514041	-5.504641410165539	-1.3735788594111211	-5.5841093550202725	0.4733699064456612	0.20293628635125044	NA	4.070656087759247	4.210530495609149
pasztell	1.4163120740957438	Ill	C	6	52	TRUE	-0.21011321687667037	-0.2422367576119342	-0.9492765577974501	0.03170517963642175	-0.20670074736325145	-0.5629355387574819	1.217385048670586	1.0318553022748764	NA	0.7070398001855125	0.356234791394229
roller	1.4284785179087636	Ine	C	3	52	TRUE	0.16964076092092792	0.2396701425583425	-0.10487779396037022	-0.04772694050442396	0.08472019493102859	-0.19035307464966728	0.6678142040557484	0.48128711825515536	NA	0.3445479365187083	0.27507326958068745
skanzen	1.4895721276614022	Abl	C	6	52	TRUE	-0.4615603606022684	-0.47669930815304473	NA	0.24047152769577637	-0.040665655407854905	NA	-0.871239227086619	-0.9615131006768824	NA	NA	NA
flaszter	0.45065098390392183	Del	C	27	51	TRUE	1.947311558517949	1.9779811973450971	NA	2.2426099377849984	1.9611805068787838	NA	-0.2453854872081973	-0.4580533634530304	NA	NA	NA
haver	2.2866022611361054	Supe	V	51	1	TRUE	7.858040315490662	6.51741962550768	8.80008836561386	7.329312325716447	6.429911701261939	8.824082393405913	-0.668605230393597	NA	0.3784998623009394	-2.2826687401061747	-2.394170692143973
raszter	0.7107638010015679	Ill	C	4	51	TRUE	-0.6934882820153202	-0.6916640560964054	NA	-0.1136059570701097	-0.39355200740878266	NA	1.217385048670586	1.0318553022748764	NA	NA	NA
barter	0.48713596362774514	Dat	C	1	50	TRUE	-0.21818576577981116	-0.2250763977491314	NA	0.46570378668387863	0.18537517226678127	NA	-0.2774614553759155	-0.3906857246386013	NA	NA	NA
kartell	1.1924313135247973	Ela	C	2	50	TRUE	-0.6397101194751571	-0.4580578988549538	-2.7261861874338664	-0.8535344374954325	-0.203726244856184	-3.2829704187823783	0.33031806042080036	0.18036767800177328	NA	2.2681282885789074	3.079244173926199
láger	1.242439945332364	Ins	C	1	50	TRUE	-0.3848762121633777	-0.3543332985696548	-2.3824116935521915	0.15124087061602298	0.1942471273524217	-2.869501447582183	0.0387951515658291	-0.18567474815799134	NA	2.028078394982529	3.063748574934607
puffer	1.3898337365494366	Ade	C	3	50	TRUE	-0.4907603713473192	-0.5107956742089658	-0.41943383383116445	-0.13657735616574268	-0.1995004000706003	-0.48218675701443053	-0.07305699737370619	-0.2530423083853684	NA	-0.09136184037780026	0.2826863569438274
traverz	0.20689420194327868	Ins	C	1	50	TRUE	-0.020814344768471976	0.04840994712620063	0.42748329124035817	0.3127600676949535	0.2441666914419665	0.5427183775549669	0.0387951515658291	-0.18567474815799134	NA	-0.37907334411416116	-0.29855168611300087
farmer	1.984242209298364	Pl.Poss.3Sg	C	22	49	TRUE	1.6783249816660524	1.7041189567438315	1.5493177130649716	1.64257520131194	1.820925303598231	1.6247447009729654	-0.3660503852105195	-0.17826185132906647	-0.9979505042302497	0.15480124367886106	0.1961806026252617
fotel	1.918034842594317	Pl.Poss.1Pl	C	2	49	TRUE	1.4314877837785018	1.345735794516804	1.9904706343461613	1.868852526897838	1.7632267152327532	1.8069164582978572	-0.4336227056899424	-0.43912103034877586	1.2596801884470352	-0.6447348398293684	-0.04368974306511575
láger	1.242439945332364	Transl	C	1	49	TRUE	-0.3848762121633777	-0.3543332985696548	-2.3824116935521915	0.15124087061602298	0.1942471273524217	-2.869501447582183	-0.13129248127840795	-0.3613186238423797	NA	2.028078394982529	3.063748574934607
pasztell	1.4163120740957438	Subl	C	8	49	TRUE	-0.21011321687667037	-0.2422367576119342	-0.9492765577974501	0.03170517963642175	-0.20670074736325145	-0.5629355387574819	0.4733699064456612	0.20293628635125044	NA	0.7070398001855125	0.356234791394229
plakett	1.2063588716944174	Dat	C	5	49	TRUE	-1.4968826011228584	-0.9851879524366344	-1.848974081442631	-1.7362178128239103	-0.9623991621067844	-1.7729714161621613	-0.2774614553759155	-0.3906857246386013	NA	0.8637861290060016	0.810572254055387
puffer	1.3898337365494366	Poss.2Sg	V	2	49	TRUE	-0.4907603713473192	-0.5107956742089658	-0.41943383383116445	-0.13657735616574268	-0.1995004000706003	-0.48218675701443053	0.3537450289204624	NA	1.2067254700130272	-0.09136184037780026	0.2826863569438274
púder	1.360068138969874	Poss.1Pl	V	1	49	TRUE	-0.6187612288300788	-0.5458753059933869	-1.5714674627061478	-0.6609230453974319	-0.6841155124408549	-1.7498586746567615	0.15310165641401538	NA	1.2295600722356197	1.0255921567127615	1.0657431622159095
sólet	0.5795661084462529	Ine	C	5	49	TRUE	-0.12418061673030224	-0.12173024005054263	0.19314938686269686	0.002196849407772516	0.06898960502339116	0.39306869079442236	0.6678142040557484	0.48128711825515536	NA	-0.314879626913239	-0.3240790857710323
fater	1.2643232470451446	Ade	C	48	6	TRUE	5.399583301492054	5.278693673182967	NA	5.4353456297150755	5.153377941213182	NA	-0.07305699737370619	-0.2530423083853684	NA	NA	NA
saller	0.9310512982678172	Ins	C	48	46	TRUE	2.074264575079264	2.057332120552014	NA	2.253952674451753	1.9722733813012319	NA	0.0387951515658291	-0.18567474815799134	NA	NA	NA
totem	0.8624780099324221	Poss.3Sg	C	1	48	TRUE	-1.5415466471405015	-1.6394434023341176	NA	-1.1310380514395513	-1.3733086598915136	NA	0.34265423359786434	0.449770007868573	-0.11457998858783418	NA	NA
karcer	-0.6005464245423525	Ill	C	22	47	TRUE	0.8947823979164607	0.8841749008409597	NA	1.9183786522162123	1.6365264599071214	NA	1.217385048670586	1.0318553022748764	NA	NA	NA
láger	1.242439945332364	All	C	2	47	TRUE	-0.3848762121633777	-0.3543332985696548	-2.3824116935521915	0.15124087061602298	0.1942471273524217	-2.869501447582183	-0.359133664992004	-0.5272796117155265	NA	2.028078394982529	3.063748574934607
szonett	1.1139782696654663	Del	C	1	47	TRUE	-2.2424377436965295	-2.1378570007570232	-2.402490845986368	-2.1052311118788416	-1.8379046275867064	-2.2121989668636353	-0.2453854872081973	-0.4580533634530304	NA	0.26463384522934064	0.3742943392769291
drukker	1.599349006057054	Poss.1Pl	V	2	46	TRUE	-2.4562286593819582	-1.151812998292156	-3.067532656447431	-3.679238732866685	-1.5683133037763932	-3.5855037684676825	0.15310165641401538	NA	1.2295600722356197	1.9157196581552682	2.0171904646912964
fotel	1.918034842594317	Ade	C	1	46	TRUE	1.4314877837785018	1.345735794516804	1.9904706343461613	1.868852526897838	1.7632267152327532	1.8069164582978572	-0.07305699737370619	-0.2530423083853684	NA	-0.6447348398293684	-0.04368974306511575
roller	1.4284785179087636	Ade	C	1	46	TRUE	0.16964076092092792	0.2396701425583425	-0.10487779396037022	-0.04772694050442396	0.08472019493102859	-0.19035307464966728	-0.07305699737370619	-0.2530423083853684	NA	0.3445479365187083	0.27507326958068745
totem	0.8624780099324221	Subl	C	1	46	TRUE	-1.5415466471405015	-1.6394434023341176	NA	-1.1310380514395513	-1.3733086598915136	NA	0.4733699064456612	0.20293628635125044	NA	NA	NA
motel	1.2119005338291844	Poss.3Sg	C	6	44	TRUE	0.4885191599939788	0.48150674720229697	0.2791874383205992	0.947372344850152	0.9097368465291231	0.14084008671565149	0.34265423359786434	0.449770007868573	-0.11457998858783418	0.20231930888169813	0.7688967598134724
roller	1.4284785179087636	Ill	C	2	44	TRUE	0.16964076092092792	0.2396701425583425	-0.10487779396037022	-0.04772694050442396	0.08472019493102859	-0.19035307464966728	1.217385048670586	1.0318553022748764	NA	0.3445479365187083	0.27507326958068745
szonett	1.1139782696654663	Ill	C	1	44	TRUE	-2.2424377436965295	-2.1378570007570232	-2.402490845986368	-2.1052311118788416	-1.8379046275867064	-2.2121989668636353	1.217385048670586	1.0318553022748764	NA	0.26463384522934064	0.3742943392769291
kartell	1.1924313135247973	Abl	C	1	43	TRUE	-0.6397101194751571	-0.4580578988549538	-2.7261861874338664	-0.8535344374954325	-0.203726244856184	-3.2829704187823783	-0.871239227086619	-0.9615131006768824	NA	2.2681282885789074	3.079244173926199
krapek	0.2858131136537797	Dat	C	43	12	TRUE	4.819766464867598	4.038693666681293	7.026665598959007	4.642201670630355	3.6891508537739117	7.225533422368672	-0.2774614553759155	-0.3906857246386013	NA	-2.9879719322777163	-3.5363825685947603
láger	1.242439945332364	Abl	C	2	43	TRUE	-0.3848762121633777	-0.3543332985696548	-2.3824116935521915	0.15124087061602298	0.1942471273524217	-2.869501447582183	-0.871239227086619	-0.9615131006768824	NA	2.028078394982529	3.063748574934607
tandem	1.0699583224183673	Poss.3Sg	C	1	43	TRUE	-2.022518365410802	-1.914587789771656	-2.578821982685726	-1.6830901197701642	-1.6800218289294535	-2.3977008078677002	0.34265423359786434	0.449770007868573	-0.11457998858783418	0.6642341929140656	0.7176789789382383
barter	0.48713596362774514	Subl	C	2	42	TRUE	-0.21818576577981116	-0.2250763977491314	NA	0.46570378668387863	0.18537517226678127	NA	0.4733699064456612	0.20293628635125044	NA	NA	NA
fater	1.2643232470451446	Subl	C	42	8	TRUE	5.399583301492054	5.278693673182967	NA	5.4353456297150755	5.153377941213182	NA	0.4733699064456612	0.20293628635125044	NA	NA	NA
fotel	1.918034842594317	Transl	C	5	42	TRUE	1.4314877837785018	1.345735794516804	1.9904706343461613	1.868852526897838	1.7632267152327532	1.8069164582978572	-0.13129248127840795	-0.3613186238423797	NA	-0.6447348398293684	-0.04368974306511575
koffer	0.9596105383709403	Poss.3Sg	C	42	38	TRUE	1.133986957218971	1.0491872103770599	1.503004027343311	1.497464821856713	1.37821131399058	1.729203189665714	0.34265423359786434	0.449770007868573	-0.11457998858783418	-0.45381681696625265	-0.3509918756751347
korner	0.5218599755505524	Ela	C	7	42	TRUE	0.3258427149797633	0.3652129997484509	NA	0.6480945600539272	0.367577861104901	NA	0.33031806042080036	0.18036767800177328	NA	NA	NA
roller	1.4284785179087636	Ela	C	5	42	TRUE	0.16964076092092792	0.2396701425583425	-0.10487779396037022	-0.04772694050442396	0.08472019493102859	-0.19035307464966728	0.33031806042080036	0.18036767800177328	NA	0.3445479365187083	0.27507326958068745
suszter	0.9044772870280368	Del	C	5	42	TRUE	1.7065256580712955	1.6806756508554404	0.018182008595250782	1.5640360980471586	1.294966948824483	1.1754414396373363	-0.2453854872081973	-0.4580533634530304	NA	1.6624936422601877	0.11952550918714167
ágens	1.3130456667326265	Poss.1Pl	V	1	42	TRUE	-2.843169907285617	-1.9977715357197305	-3.636797066124861	-3.9496943369949227	-2.47530953146927	-4.1439442613841955	0.15310165641401538	NA	1.2295600722356197	1.639025530405121	1.6686347299149276
haver	2.2866022611361054	Ela	C	41	8	TRUE	7.858040315490662	6.51741962550768	8.80008836561386	7.329312325716447	6.429911701261939	8.824082393405913	0.33031806042080036	0.18036767800177328	NA	-2.2826687401061747	-2.394170692143973
maszek	1.0569096792608152	Ins	C	41	2	TRUE	6.292533309903096	5.205635411992807	9.38661917329718	5.861708893713378	5.215065398825435	8.950885186876834	0.0387951515658291	-0.18567474815799134	NA	-4.180983761304375	-3.7358197880514012
notesz	1.2106855490122028	Del	C	3	41	TRUE	0.6549311265381912	0.7938509205486918	0.9460785193667216	0.8671010431782441	1.3741669106170142	1.1044316142788237	-0.2453854872081973	-0.4580533634530304	NA	-0.15222759881802972	0.26973529633819737
pakett	0.4472263572536482	Subl	C	7	41	TRUE	0.005112786109951248	0.035458761321357946	0.1743474821002181	0.04834439923503438	0.2690330230041088	0.3017718499085538	0.4733699064456612	0.20293628635125044	NA	-0.1388887207788656	-0.03273882690443486
suszter	0.9044772870280368	Ade	C	9	41	TRUE	1.7065256580712955	1.6806756508554404	0.018182008595250782	1.5640360980471586	1.294966948824483	1.1754414396373363	-0.07305699737370619	-0.2530423083853684	NA	1.6624936422601877	0.11952550918714167
klozet	0.06396436403742334	Ine	C	40	23	TRUE	3.3892947463664207	2.8867325963948014	3.983455086932854	3.3791696818876344	3.1284547405658683	4.178220485957636	0.6678142040557484	0.48128711825515536	NA	-1.096722490538042	-1.0497657453917668
modell	3.2458076642479075	Acc	V	1	40	TRUE	-4.943735431628447	-5.0815781914209595	-4.823004150794277	-5.067962069713086	-4.94297836846933	-5.182356398677793	-0.29383043118284424	NA	0.1555929746945892	-0.25857404062668365	0.2393780302084707
páter	1.0617720601296703	Subl	C	1	40	TRUE	-0.094616498334511	0.02471155194523427	-1.0682021314884567	-0.5563519580692081	-0.30700821751673757	-1.617448022553488	0.4733699064456612	0.20293628635125044	NA	1.092913683433693	1.3104398050367507
suszter	0.9044772870280368	Ins	C	19	40	TRUE	1.7065256580712955	1.6806756508554404	0.018182008595250782	1.5640360980471586	1.294966948824483	1.1754414396373363	0.0387951515658291	-0.18567474815799134	NA	1.6624936422601877	0.11952550918714167
traverz	0.20689420194327868	Acc	V	1	40	TRUE	-0.020814344768471976	0.04840994712620063	0.42748329124035817	0.3127600676949535	0.2441666914419665	0.5427183775549669	-0.29383043118284424	NA	0.1555929746945892	-0.37907334411416116	-0.29855168611300087
valcer	0.3548168454722682	Subl	C	4	40	TRUE	0.4188022171623434	0.4292148947446125	NA	0.7290962723107519	0.44974247561466374	NA	0.4733699064456612	0.20293628635125044	NA	NA	NA
kóter	-0.0567670438663156	Ela	C	24	39	TRUE	1.786638306823474	1.7705085646801801	NA	2.6380971300100122	2.3565303815000704	NA	0.33031806042080036	0.18036767800177328	NA	NA	NA
karter	0.13926501315555695	Ela	C	2	38	TRUE	1.290083420779366	1.2713194507612067	NA	2.0520311456134883	1.7705532074882335	NA	0.33031806042080036	0.18036767800177328	NA	NA	NA
kukker	0.09923081884002372	Ine	C	11	38	TRUE	1.1846179082547683	1.1874827357435913	NA	1.5730357371951085	1.2917395990234863	NA	0.6678142040557484	0.48128711825515536	NA	NA	NA
sóder	0.9842054240536064	Dat	C	3	38	TRUE	1.1364217071680507	1.1017094199883335	1.4647855863902324	1.4102110443861198	1.16143557238133	1.9332398204525754	-0.2774614553759155	-0.3906857246386013	NA	-0.3630761664018962	-0.7718042480712342
burleszk	0.6649295867445704	Transl	C	1	37	TRUE	-3.526150426158892	-3.7230533689008993	-1.8770169916484425	-2.6455380908805055	-2.8596340141314114	-1.6963644204305994	-0.13129248127840795	-0.3613186238423797	NA	-1.8460363772524602	-1.163269593700818
panel	2.4164305848960708	Pl.Poss.3Pl	C	3	37	TRUE	1.2962506675275407	1.3510573303496098	1.0490957184757776	1.060211173155013	1.4982037187111807	0.9850695221411259	-0.31921283714701476	-0.4012330532390626	-0.6994651832088665	0.3019616118738213	0.51313419657005
páter	1.0617720601296703	Abl	C	3	37	TRUE	-0.094616498334511	0.02471155194523427	-1.0682021314884567	-0.5563519580692081	-0.30700821751673757	-1.617448022553488	-0.871239227086619	-0.9615131006768824	NA	1.092913683433693	1.3104398050367507
rubel	1.3648850069419438	Poss.3Sg	C	5	37	TRUE	-1.3552367197931288	-1.3534973420314007	-0.4517738340519745	-0.778942677325193	-1.0637286596072673	0.712773639979225	0.34265423359786434	0.449770007868573	-0.11457998858783418	-0.9017235079794261	-1.7765022995864825
koffer	0.9596105383709403	Supe	V	10	36	TRUE	1.133986957218971	1.0491872103770599	1.503004027343311	1.497464821856713	1.37821131399058	1.729203189665714	-0.668605230393597	NA	0.3784998623009394	-0.45381681696625265	-0.3509918756751347
koffer	0.9596105383709403	Subl	C	30	36	TRUE	1.133986957218971	1.0491872103770599	1.503004027343311	1.497464821856713	1.37821131399058	1.729203189665714	0.4733699064456612	0.20293628635125044	NA	-0.45381681696625265	-0.3509918756751347
motel	1.2119005338291844	Subl	C	5	36	TRUE	0.4885191599939788	0.48150674720229697	0.2791874383205992	0.947372344850152	0.9097368465291231	0.14084008671565149	0.4733699064456612	0.20293628635125044	NA	0.20231930888169813	0.7688967598134724
mágnes	1.8441518280462148	Ill	C	1	36	TRUE	-3.855580201204639	-3.828167106280691	NA	-3.7797480753819483	-4.0439184699360045	NA	1.217385048670586	1.0318553022748764	NA	NA	NA
okker	0.6295458844043035	Ela	C	1	36	TRUE	0.3728555253230692	0.43510418341852763	-0.2251214958907451	0.3804458442510932	0.4639988224573867	-0.6837106588302552	0.33031806042080036	0.18036767800177328	NA	0.6602256793092778	1.1477094812876345
sumer	1.0545026216751352	Ins	C	36	19	TRUE	3.9103556135154482	2.2313604258939503	4.654774183009057	2.9996666771687197	2.248718854542426	4.094491783711142	0.0387951515658291	-0.18567474815799134	NA	-2.4234137571150995	-1.845772929168703
suszter	0.9044772870280368	Ela	C	5	36	TRUE	1.7065256580712955	1.6806756508554404	0.018182008595250782	1.5640360980471586	1.294966948824483	1.1754414396373363	0.33031806042080036	0.18036767800177328	NA	1.6624936422601877	0.11952550918714167
balett	2.009241501756081	Transl	C	5	35	TRUE	0.9812276996892723	0.9396377843711519	1.2998800241934645	1.0119635103266111	0.9490038959985841	1.4466269176441322	-0.13129248127840795	-0.3613186238423797	NA	-0.3602422398223126	-0.49762302164555194
falzett	-0.16139740357670246	Acc	V	2	35	TRUE	0.3487199597047354	0.3178422416164411	0.5245294756585681	0.776371342732942	0.7702390032479395	0.459686892472368	-0.29383043118284424	NA	0.1555929746945892	-0.2066872340421213	0.3105521107755749
motel	1.2119005338291844	Abl	C	7	35	TRUE	0.4885191599939788	0.48150674720229697	0.2791874383205992	0.947372344850152	0.9097368465291231	0.14084008671565149	-0.871239227086619	-0.9615131006768824	NA	0.20231930888169813	0.7688967598134724
tróger	0.7114537050098807	Ins	C	8	35	TRUE	1.3396227344118834	1.3127390782597355	1.3637862315594174	0.45326406836508815	0.9643531028154795	0.805334745717331	0.0387951515658291	-0.18567474815799134	NA	-0.05104715329967746	0.15901835709814804
bunker	1.476796124675244	Poss.3Sg	C	22	34	TRUE	0.3695563811243048	0.4393458500991544	-0.009024339704122104	0.7079250348352563	0.830178803511324	-0.3174461868620854	0.34265423359786434	0.449770007868573	-0.11457998858783418	0.4483701898032848	1.1476249903734157
koffer	0.9596105383709403	Pl.Poss.3Sg	C	1	34	TRUE	1.133986957218971	1.0491872103770599	1.503004027343311	1.497464821856713	1.37821131399058	1.729203189665714	-0.3660503852105195	-0.17826185132906647	-0.9979505042302497	-0.45381681696625265	-0.3509918756751347
roller	1.4284785179087636	Poss.3Sg	C	13	34	TRUE	0.16964076092092792	0.2396701425583425	-0.10487779396037022	-0.04772694050442396	0.08472019493102859	-0.19035307464966728	0.34265423359786434	0.449770007868573	-0.11457998858783418	0.3445479365187083	0.27507326958068745
bakter	0.716349974254184	All	C	9	33	TRUE	3.119293519794611	2.5185969103269454	6.014651569601758	2.8314809212221133	2.2087704958796657	5.602553281365721	-0.359133664992004	-0.5272796117155265	NA	-3.4960546592748045	-3.393782785486053
bunker	1.476796124675244	Poss.1Pl	V	12	33	TRUE	0.3695563811243048	0.4393458500991544	-0.009024339704122104	0.7079250348352563	0.830178803511324	-0.3174461868620854	0.15310165641401538	NA	1.2295600722356197	0.4483701898032848	1.1476249903734157
dózer	0.4877957350906076	Del	C	4	33	TRUE	1.7536837527318527	1.7838248339167528	NA	1.884704252027322	1.6033436026008723	NA	-0.2453854872081973	-0.4580533634530304	NA	NA	NA
flanel	0.35638106706207384	Ins	C	33	27	TRUE	1.6804832661958133	1.4561003812292692	3.403704400208321	1.8979846204087558	1.562115176757378	3.0448321728732366	0.0387951515658291	-0.18567474815799134	NA	-1.9476040189790638	-1.4827169961158688
flaszter	0.45065098390392183	All	C	8	33	TRUE	1.947311558517949	1.9779811973450971	NA	2.2426099377849984	1.9611805068787838	NA	-0.359133664992004	-0.5272796117155265	NA	NA	NA
koffer	0.9596105383709403	Poss.2Sg	V	33	15	TRUE	1.133986957218971	1.0491872103770599	1.503004027343311	1.497464821856713	1.37821131399058	1.729203189665714	0.3537450289204624	NA	1.2067254700130272	-0.45381681696625265	-0.3509918756751347
stukker	0.4972514689535526	Dat	C	9	33	TRUE	1.7799651525405087	1.7787676438352522	NA	1.8885704206723077	1.6071826469399213	NA	-0.2774614553759155	-0.3906857246386013	NA	NA	NA
traverz	0.20689420194327868	Ine	C	8	33	TRUE	-0.020814344768471976	0.04840994712620063	0.42748329124035817	0.3127600676949535	0.2441666914419665	0.5427183775549669	0.6678142040557484	0.48128711825515536	NA	-0.37907334411416116	-0.29855168611300087
valcer	0.3548168454722682	Ins	C	5	33	TRUE	0.4188022171623434	0.4292148947446125	NA	0.7290962723107519	0.44974247561466374	NA	0.0387951515658291	-0.18567474815799134	NA	NA	NA
zsakett	-0.03701015209889327	Pl	V	4	33	TRUE	0.6011074304118538	0.6788570403496649	0.35957866943481265	0.9162479410021662	1.044826649684016	0.4154227470722573	-1.3950395672621765	NA	-0.6092984900084293	0.31927837091485856	0.6294039026117559
fater	1.2643232470451446	Poss.3Pl	C	32	2	TRUE	5.399583301492054	5.278693673182967	NA	5.4353456297150755	5.153377941213182	NA	1.2847635233137833	1.3034409700990126	2.62620257684233	NA	NA
koffer	0.9596105383709403	Dat	C	8	32	TRUE	1.133986957218971	1.0491872103770599	1.503004027343311	1.497464821856713	1.37821131399058	1.729203189665714	-0.2774614553759155	-0.3906857246386013	NA	-0.45381681696625265	-0.3509918756751347
kolesz	0.7726222789466473	Pl	V	32	4	TRUE	4.218134977258358	4.101730669087493	5.882728693144244	4.840830287447354	4.548181049615628	5.809659038143662	-1.3950395672621765	NA	-0.6092984900084293	-1.780998024056757	-1.2614779885280427
malter	0.6100893505755742	Ela	C	32	29	TRUE	3.6863291300798755	3.696530629589436	3.4032691387090326	3.8232012844687486	3.5663554892769227	3.4050478886486033	0.33031806042080036	0.18036767800177328	NA	0.293261490880397	0.1613076006283336
maszek	1.0569096792608152	Abl	C	32	2	TRUE	6.292533309903096	5.205635411992807	9.38661917329718	5.861708893713378	5.215065398825435	8.950885186876834	-0.871239227086619	-0.9615131006768824	NA	-4.180983761304375	-3.7358197880514012
fater	1.2643232470451446	Transl	C	31	2	TRUE	5.399583301492054	5.278693673182967	NA	5.4353456297150755	5.153377941213182	NA	-0.13129248127840795	-0.3613186238423797	NA	NA	NA
junker	0.15585967826904645	Dat	C	1	31	TRUE	-0.41067157433321577	-0.6139735722182083	-0.09880174674548835	-1.1595042762797512	-0.9271161598526403	-0.6468764821530231	-0.2774614553759155	-0.3906857246386013	NA	-0.51517182547272	-0.2802396776996261
sólet	0.5795661084462529	Poss.3Sg	C	4	31	TRUE	-0.12418061673030224	-0.12173024005054263	0.19314938686269686	0.002196849407772516	0.06898960502339116	0.39306869079442236	0.34265423359786434	0.449770007868573	-0.11457998858783418	-0.314879626913239	-0.3240790857710323
fráter	1.1826921806578794	Del	C	1	30	TRUE	-0.04314583262104413	0.10254600846284118	-0.9421173302902134	-0.5815050824962534	-0.19031433574358594	-1.4979969406919798	-0.2453854872081973	-0.4580533634530304	NA	1.044663338753054	1.307682604948397
pasztell	1.4163120740957438	Ade	C	1	30	TRUE	-0.21011321687667037	-0.2422367576119342	-0.9492765577974501	0.03170517963642175	-0.20670074736325145	-0.5629355387574819	-0.07305699737370619	-0.2530423083853684	NA	0.7070398001855125	0.356234791394229
suszter	0.9044772870280368	Abl	C	10	30	TRUE	1.7065256580712955	1.6806756508554404	0.018182008595250782	1.5640360980471586	1.294966948824483	1.1754414396373363	-0.871239227086619	-0.9615131006768824	NA	1.6624936422601877	0.11952550918714167
sólet	0.5795661084462529	Del	C	8	30	TRUE	-0.12418061673030224	-0.12173024005054263	0.19314938686269686	0.002196849407772516	0.06898960502339116	0.39306869079442236	-0.2453854872081973	-0.4580533634530304	NA	-0.314879626913239	-0.3240790857710323
dzsungel	1.8138983008598983	Ade	C	1	29	TRUE	-1.6325549408389175	-1.6287282323740715	-2.7438071454193067	-0.9762003136099631	-1.1495040589912844	-2.6983360667888165	-0.07305699737370619	-0.2530423083853684	NA	1.115078913045238	1.5488320077975288
haver	2.2866022611361054	Transl	C	29	3	TRUE	7.858040315490662	6.51741962550768	8.80008836561386	7.329312325716447	6.429911701261939	8.824082393405913	-0.13129248127840795	-0.3613186238423797	NA	-2.2826687401061747	-2.394170692143973
macesz	0.375579529103281	Ill	C	29	6	TRUE	2.689527758280804	2.627963858019542	3.5482644031300348	2.9628067897606996	2.6889126162425496	3.5604178673029145	1.217385048670586	1.0318553022748764	NA	-0.9203005451104929	-0.8715052510603698
parkett	1.1773690982060443	Ins	C	3	29	TRUE	-0.5655949854887071	-0.30994612260019166	-1.0774818163143118	-0.6176946694168769	-0.19433755901866664	-0.6900134144769373	0.0387951515658291	-0.18567474815799134	NA	0.7675356937141231	0.4956758554582734
samesz	0.4668618282549646	Pl.Poss.3Pl	V	29	12	TRUE	3.9202706038294055	3.0613510706105815	5.0481490567224965	3.6194250066736786	2.650969881848088	4.5280177673747755	-0.31921283714701476	-0.4012330532390626	-0.6994651832088665	-1.9867979861119096	-1.877047885526693
stukker	0.4972514689535526	Subl	C	3	29	TRUE	1.7799651525405087	1.7787676438352522	NA	1.8885704206723077	1.6071826469399213	NA	0.4733699064456612	0.20293628635125044	NA	NA	NA
szoftver	2.8823776554889804	Poss.3Pl	C	2	29	TRUE	-4.848207366947437	-5.037527390650401	-4.525476948772607	-5.244181013490532	-5.1157255540248725	-4.758345928427333	1.2847635233137833	1.3034409700990126	2.62620257684233	-0.5120504418777898	-0.3573796255975452
vamzer	-0.22033518283074652	Dat	C	5	29	TRUE	1.0629962262700383	1.249087913606784	0.550938373709423	0.2652026734018032	0.8406787590870837	0.003875029185503988	-0.2774614553759155	-0.3906857246386013	NA	0.6981495398973578	0.8368037299015754
dózer	0.4877957350906076	Dat	C	3	28	TRUE	1.7536837527318527	1.7838248339167528	NA	1.884704252027322	1.6033436026008723	NA	-0.2774614553759155	-0.3906857246386013	NA	NA	NA
maszek	1.0569096792608152	Ela	C	28	1	TRUE	6.292533309903096	5.205635411992807	9.38661917329718	5.861708893713378	5.215065398825435	8.950885186876834	0.33031806042080036	0.18036767800177328	NA	-4.180983761304375	-3.7358197880514012
okker	0.6295458844043035	Subl	C	3	28	TRUE	0.3728555253230692	0.43510418341852763	-0.2251214958907451	0.3804458442510932	0.4639988224573867	-0.6837106588302552	0.4733699064456612	0.20293628635125044	NA	0.6602256793092778	1.1477094812876345
prakker	-0.6254888465447449	Ins	C	28	24	TRUE	2.689657442395282	2.71127828281621	NA	2.7597365925219095	2.4750816644497826	NA	0.0387951515658291	-0.18567474815799134	NA	NA	NA
szkander	0.6195616634977026	Subl	C	6	28	TRUE	1.0873298060493601	1.0817145893394877	NA	1.680218147918616	1.3989490457637754	NA	0.4733699064456612	0.20293628635125044	NA	NA	NA
junker	0.15585967826904645	Ins	C	1	27	TRUE	-0.41067157433321577	-0.6139735722182083	-0.09880174674548835	-1.1595042762797512	-0.9271161598526403	-0.6468764821530231	0.0387951515658291	-0.18567474815799134	NA	-0.51517182547272	-0.2802396776996261
kupec	0.4459578141554795	Ins	C	1	27	TRUE	1.3007474188318735	0.10650117359579525	1.851217510017771	0.4514254079465868	-0.3519515178433392	1.420202796489908	0.0387951515658291	-0.18567474815799134	NA	-1.7447163364219733	-1.7721543143332354
notesz	1.2106855490122028	Poss.1Pl	V	13	27	TRUE	0.6549311265381912	0.7938509205486918	0.9460785193667216	0.8671010431782441	1.3741669106170142	1.1044316142788237	0.15310165641401538	NA	1.2295600722356197	-0.15222759881802972	0.26973529633819737
pollen	1.5346232211256754	Del	C	1	27	TRUE	-3.9585721424274696	-3.9520781175279307	-4.329927192954612	-4.401246377303276	-3.6698042910987394	-4.869365974064371	-0.2453854872081973	-0.4580533634530304	NA	0.3778490754266812	1.1995616829656228
sumer	1.0545026216751352	Ela	C	19	27	TRUE	3.9103556135154482	2.2313604258939503	4.654774183009057	2.9996666771687197	2.248718854542426	4.094491783711142	0.33031806042080036	0.18036767800177328	NA	-2.4234137571150995	-1.845772929168703
sumer	1.0545026216751352	Abl	C	27	13	TRUE	3.9103556135154482	2.2313604258939503	4.654774183009057	2.9996666771687197	2.248718854542426	4.094491783711142	-0.871239227086619	-0.9615131006768824	NA	-2.4234137571150995	-1.845772929168703
dodzsem	0.3337170824261301	Ade	C	2	26	TRUE	-1.6967593807701764	-1.6938698877798848	NA	-1.1359031225048732	-1.3896057801794206	NA	-0.07305699737370619	-0.2530423083853684	NA	NA	NA
falzett	-0.16139740357670246	Pl	V	1	26	TRUE	0.3487199597047354	0.3178422416164411	0.5245294756585681	0.776371342732942	0.7702390032479395	0.459686892472368	-1.3950395672621765	NA	-0.6092984900084293	-0.2066872340421213	0.3105521107755749
kolesz	0.7726222789466473	Subl	C	26	7	TRUE	4.218134977258358	4.101730669087493	5.882728693144244	4.840830287447354	4.548181049615628	5.809659038143662	0.4733699064456612	0.20293628635125044	NA	-1.780998024056757	-1.2614779885280427
makett	1.6926464808727033	Poss.3Pl	C	1	26	TRUE	-1.0411884671130949	-1.0139893007779466	-1.2377042741733317	-1.292344448504063	-0.8669586642070028	-1.205641646415892	1.2847635233137833	1.3034409700990126	2.62620257684233	0.22371497339537427	0.33868298220889415
modern	3.2002882565744417	Poss.3Sg	V	19	26	TRUE	1.9228430830966667	NA	3.22321876965356	2.292513156506641	NA	3.1479417093533204	0.34265423359786434	0.449770007868573	-0.11457998858783418	NA	NA
omlett	0.9301594617947097	Del	C	1	26	TRUE	-2.7240493226723954	-1.6667932105474579	-3.1278597768282386	-2.896839945827541	-1.7602650632789125	-2.9387413831883342	-0.2453854872081973	-0.4580533634530304	NA	1.4610665662807918	1.1784763199094215
pamflet	0.7429766651842116	Ill	C	3	26	TRUE	-1.9778639186403308	-1.7284511956809234	-2.7764734721811224	-1.8101316020374594	-1.2672247108944366	-2.5952312694279955	1.217385048670586	1.0318553022748764	NA	1.0480222765002054	1.3280065585335592
saller	0.9310512982678172	Abl	C	2	26	TRUE	2.074264575079264	2.057332120552014	NA	2.253952674451753	1.9722733813012319	NA	-0.871239227086619	-0.9615131006768824	NA	NA	NA
samesz	0.4668618282549646	Dat	C	26	18	TRUE	3.9202706038294055	3.0613510706105815	5.0481490567224965	3.6194250066736786	2.650969881848088	4.5280177673747755	-0.2774614553759155	-0.3906857246386013	NA	-1.9867979861119096	-1.877047885526693
falzett	-0.16139740357670246	Ill	C	8	25	TRUE	0.3487199597047354	0.3178422416164411	0.5245294756585681	0.776371342732942	0.7702390032479395	0.459686892472368	1.217385048670586	1.0318553022748764	NA	-0.2066872340421213	0.3105521107755749
hotel	2.9641042281879626	Poss.3Pl	V	1	25	TRUE	-0.6133259011748744	-0.6057658584826261	-1.0234829659850166	-0.2668362718090401	-0.3093944322146263	-0.9627754179609971	1.2847635233137833	1.3034409700990126	2.62620257684233	0.41771710750238356	0.6533809857463666
káder	1.0191292004490349	All	C	3	25	TRUE	-0.3632533101782332	0.7598828190848108	-2.192486454955027	-1.4669470279381294	0.4276283695770943	-2.7543646771308574	-0.359133664992004	-0.5272796117155265	NA	2.952369274039839	3.1819930467079445
sóder	0.9842054240536064	All	C	4	25	TRUE	1.1364217071680507	1.1017094199883335	1.4647855863902324	1.4102110443861198	1.16143557238133	1.9332398204525754	-0.359133664992004	-0.5272796117155265	NA	-0.3630761664018962	-0.7718042480712342
balett	2.009241501756081	Poss.1Pl	V	2	24	TRUE	0.9812276996892723	0.9396377843711519	1.2998800241934645	1.0119635103266111	0.9490038959985841	1.4466269176441322	0.15310165641401538	NA	1.2295600722356197	-0.3602422398223126	-0.49762302164555194
bunker	1.476796124675244	Poss.1Sg	V	5	24	TRUE	0.3695563811243048	0.4393458500991544	-0.009024339704122104	0.7079250348352563	0.830178803511324	-0.3174461868620854	0.7438144784588202	NA	1.5973279087968308	0.4483701898032848	1.1476249903734157
flaszter	0.45065098390392183	Ill	C	24	9	TRUE	1.947311558517949	1.9779811973450971	NA	2.2426099377849984	1.9611805068787838	NA	1.217385048670586	1.0318553022748764	NA	NA	NA
kadet	1.0549493807742008	Ine	C	19	24	TRUE	2.36110488885739	1.8802564134333617	2.8242669752331517	1.6686132448989466	1.6977542568474873	2.2979929256397296	0.6678142040557484	0.48128711825515536	NA	-0.9440105617998	-0.6002386687922439
kolesz	0.7726222789466473	Dat	C	24	5	TRUE	4.218134977258358	4.101730669087493	5.882728693144244	4.840830287447354	4.548181049615628	5.809659038143662	-0.2774614553759155	-0.3906857246386013	NA	-1.780998024056757	-1.2614779885280427
macesz	0.375579529103281	Ela	C	24	24	TRUE	2.689527758280804	2.627963858019542	3.5482644031300348	2.9628067897606996	2.6889126162425496	3.5604178673029145	0.33031806042080036	0.18036767800177328	NA	-0.9203005451104929	-0.8715052510603698
makett	1.6926464808727033	Pl.Poss.1Pl	C	1	24	TRUE	-1.0411884671130949	-1.0139893007779466	-1.2377042741733317	-1.292344448504063	-0.8669586642070028	-1.205641646415892	-0.4336227056899424	-0.43912103034877586	1.2596801884470352	0.22371497339537427	0.33868298220889415
puffer	1.3898337365494366	Abl	C	2	24	TRUE	-0.4907603713473192	-0.5107956742089658	-0.41943383383116445	-0.13657735616574268	-0.1995004000706003	-0.48218675701443053	-0.871239227086619	-0.9615131006768824	NA	-0.09136184037780026	0.2826863569438274
farmer	1.984242209298364	Pl.Poss.1Sg	C	23	7	TRUE	1.6783249816660524	1.7041189567438315	1.5493177130649716	1.64257520131194	1.820925303598231	1.6247447009729654	0.6131297192077504	0.8444837952938684	-6.133683343026464	0.15480124367886106	0.1961806026252617
kolesz	0.7726222789466473	All	C	23	10	TRUE	4.218134977258358	4.101730669087493	5.882728693144244	4.840830287447354	4.548181049615628	5.809659038143662	-0.359133664992004	-0.5272796117155265	NA	-1.780998024056757	-1.2614779885280427
macher	0.2485728894048285	Pl	V	6	23	TRUE	2.5736676297785563	NA	2.665210718830346	1.2539799566903997	NA	2.1046913237423577	-1.3950395672621765	NA	-0.6092984900084293	NA	NA
muter	0.5004649093036383	Abl	C	23	5	TRUE	4.37957714844916	4.255595165573606	4.404811342033169	4.513383626914129	4.069982439603134	5.773368990496519	-0.871239227086619	-0.9615131006768824	NA	-0.14921617645956076	-1.7033865508933843
flaszter	0.45065098390392183	Ela	C	2	22	TRUE	1.947311558517949	1.9779811973450971	NA	2.2426099377849984	1.9611805068787838	NA	0.33031806042080036	0.18036767800177328	NA	NA	NA
koffer	0.9596105383709403	Del	C	1	22	TRUE	1.133986957218971	1.0491872103770599	1.503004027343311	1.497464821856713	1.37821131399058	1.729203189665714	-0.2453854872081973	-0.4580533634530304	NA	-0.45381681696625265	-0.3509918756751347
koffer	0.9596105383709403	Poss.1Pl	V	6	22	TRUE	1.133986957218971	1.0491872103770599	1.503004027343311	1.497464821856713	1.37821131399058	1.729203189665714	0.15310165641401538	NA	1.2295600722356197	-0.45381681696625265	-0.3509918756751347
korvett	0.3058136782559591	Poss.3Sg	C	1	22	TRUE	-0.1891278300872781	-0.3026714307196712	NA	0.14632146455458608	-0.12293220385548136	NA	0.34265423359786434	0.449770007868573	-0.11457998858783418	NA	NA
mutter	0.41434513085899255	Ins	C	10	22	TRUE	3.023097240355212	2.841230711042891	3.99721517432592	2.99328124589384	2.7081287065930097	3.804339791893953	0.0387951515658291	-0.18567474815799134	NA	-1.1559844632830192	-1.0962110853009364
szkander	0.6195616634977026	Ins	C	6	22	TRUE	1.0873298060493601	1.0817145893394877	NA	1.680218147918616	1.3989490457637754	NA	0.0387951515658291	-0.18567474815799134	NA	NA	NA
sólet	0.5795661084462529	Ela	C	8	22	TRUE	-0.12418061673030224	-0.12173024005054263	0.19314938686269686	0.002196849407772516	0.06898960502339116	0.39306869079442236	0.33031806042080036	0.18036767800177328	NA	-0.314879626913239	-0.3240790857710323
tandem	1.0699583224183673	All	C	1	22	TRUE	-2.022518365410802	-1.914587789771656	-2.578821982685726	-1.6830901197701642	-1.6800218289294535	-2.3977008078677002	-0.359133664992004	-0.5272796117155265	NA	0.6642341929140656	0.7176789789382383
tandem	1.0699583224183673	Abl	C	1	22	TRUE	-2.022518365410802	-1.914587789771656	-2.578821982685726	-1.6830901197701642	-1.6800218289294535	-2.3977008078677002	-0.871239227086619	-0.9615131006768824	NA	0.6642341929140656	0.7176789789382383
falzett	-0.16139740357670246	Ins	C	2	21	TRUE	0.3487199597047354	0.3178422416164411	0.5245294756585681	0.776371342732942	0.7702390032479395	0.459686892472368	0.0387951515658291	-0.18567474815799134	NA	-0.2066872340421213	0.3105521107755749
falzett	-0.16139740357670246	Poss.3Sg	C	5	21	TRUE	0.3487199597047354	0.3178422416164411	0.5245294756585681	0.776371342732942	0.7702390032479395	0.459686892472368	0.34265423359786434	0.449770007868573	-0.11457998858783418	-0.2066872340421213	0.3105521107755749
fotel	1.918034842594317	Poss.3Pl	C	4	21	TRUE	1.4314877837785018	1.345735794516804	1.9904706343461613	1.868852526897838	1.7632267152327532	1.8069164582978572	1.2847635233137833	1.3034409700990126	2.62620257684233	-0.6447348398293684	-0.04368974306511575
karcer	-0.6005464245423525	Ine	C	12	21	TRUE	0.8947823979164607	0.8841749008409597	NA	1.9183786522162123	1.6365264599071214	NA	0.6678142040557484	0.48128711825515536	NA	NA	NA
klozet	0.06396436403742334	Pl	V	13	21	TRUE	3.3892947463664207	2.8867325963948014	3.983455086932854	3.3791696818876344	3.1284547405658683	4.178220485957636	-1.3950395672621765	NA	-0.6092984900084293	-1.096722490538042	-1.0497657453917668
kolesz	0.7726222789466473	Supe	V	21	9	TRUE	4.218134977258358	4.101730669087493	5.882728693144244	4.840830287447354	4.548181049615628	5.809659038143662	-0.668605230393597	NA	0.3784998623009394	-1.780998024056757	-1.2614779885280427
kolesz	0.7726222789466473	Abl	C	21	4	TRUE	4.218134977258358	4.101730669087493	5.882728693144244	4.840830287447354	4.548181049615628	5.809659038143662	-0.871239227086619	-0.9615131006768824	NA	-1.780998024056757	-1.2614779885280427
macesz	0.375579529103281	Dat	C	21	10	TRUE	2.689527758280804	2.627963858019542	3.5482644031300348	2.9628067897606996	2.6889126162425496	3.5604178673029145	-0.2774614553759155	-0.3906857246386013	NA	-0.9203005451104929	-0.8715052510603698
okker	0.6295458844043035	Ine	C	2	21	TRUE	0.3728555253230692	0.43510418341852763	-0.2251214958907451	0.3804458442510932	0.4639988224573867	-0.6837106588302552	0.6678142040557484	0.48128711825515536	NA	0.6602256793092778	1.1477094812876345
pakett	0.4472263572536482	Ill	C	6	21	TRUE	0.005112786109951248	0.035458761321357946	0.1743474821002181	0.04834439923503438	0.2690330230041088	0.3017718499085538	1.217385048670586	1.0318553022748764	NA	-0.1388887207788656	-0.03273882690443486
puffer	1.3898337365494366	Poss.1Pl	V	4	21	TRUE	-0.4907603713473192	-0.5107956742089658	-0.41943383383116445	-0.13657735616574268	-0.1995004000706003	-0.48218675701443053	0.15310165641401538	NA	1.2295600722356197	-0.09136184037780026	0.2826863569438274
farmer	1.984242209298364	Pl.Poss.1Pl	C	3	20	TRUE	1.6783249816660524	1.7041189567438315	1.5493177130649716	1.64257520131194	1.820925303598231	1.6247447009729654	-0.4336227056899424	-0.43912103034877586	1.2596801884470352	0.15480124367886106	0.1961806026252617
gukker	-0.35205990878233856	Ins	C	10	20	TRUE	1.6398450295142983	1.6466716313634777	NA	1.804875780866507	1.5223625255749833	NA	0.0387951515658291	-0.18567474815799134	NA	NA	NA
haver	2.2866022611361054	Ine	C	20	9	TRUE	7.858040315490662	6.51741962550768	8.80008836561386	7.329312325716447	6.429911701261939	8.824082393405913	0.6678142040557484	0.48128711825515536	NA	-2.2826687401061747	-2.394170692143973
korvett	0.3058136782559591	Subl	C	1	20	TRUE	-0.1891278300872781	-0.3026714307196712	NA	0.14632146455458608	-0.12293220385548136	NA	0.4733699064456612	0.20293628635125044	NA	NA	NA
kukker	0.09923081884002372	Dat	C	6	20	TRUE	1.1846179082547683	1.1874827357435913	NA	1.5730357371951085	1.2917395990234863	NA	-0.2774614553759155	-0.3906857246386013	NA	NA	NA
kupec	0.4459578141554795	Abl	C	2	20	TRUE	1.3007474188318735	0.10650117359579525	1.851217510017771	0.4514254079465868	-0.3519515178433392	1.420202796489908	-0.871239227086619	-0.9615131006768824	NA	-1.7447163364219733	-1.7721543143332354
malter	0.6100893505755742	All	C	20	12	TRUE	3.6863291300798755	3.696530629589436	3.4032691387090326	3.8232012844687486	3.5663554892769227	3.4050478886486033	-0.359133664992004	-0.5272796117155265	NA	0.293261490880397	0.1613076006283336
malter	0.6100893505755742	Dat	C	20	9	TRUE	3.6863291300798755	3.696530629589436	3.4032691387090326	3.8232012844687486	3.5663554892769227	3.4050478886486033	-0.2774614553759155	-0.3906857246386013	NA	0.293261490880397	0.1613076006283336
malter	0.6100893505755742	Subl	C	16	20	TRUE	3.6863291300798755	3.696530629589436	3.4032691387090326	3.8232012844687486	3.5663554892769227	3.4050478886486033	0.4733699064456612	0.20293628635125044	NA	0.293261490880397	0.1613076006283336
sumer	1.0545026216751352	Ill	C	20	10	TRUE	3.9103556135154482	2.2313604258939503	4.654774183009057	2.9996666771687197	2.248718854542426	4.094491783711142	1.217385048670586	1.0318553022748764	NA	-2.4234137571150995	-1.845772929168703
suszter	0.9044772870280368	Subl	C	6	20	TRUE	1.7065256580712955	1.6806756508554404	0.018182008595250782	1.5640360980471586	1.294966948824483	1.1754414396373363	0.4733699064456612	0.20293628635125044	NA	1.6624936422601877	0.11952550918714167
tandem	1.0699583224183673	Ade	C	1	20	TRUE	-2.022518365410802	-1.914587789771656	-2.578821982685726	-1.6830901197701642	-1.6800218289294535	-2.3977008078677002	-0.07305699737370619	-0.2530423083853684	NA	0.6642341929140656	0.7176789789382383
drukker	1.599349006057054	Transl	C	1	19	TRUE	-2.4562286593819582	-1.151812998292156	-3.067532656447431	-3.679238732866685	-1.5683133037763932	-3.5855037684676825	-0.13129248127840795	-0.3613186238423797	NA	1.9157196581552682	2.0171904646912964
drukker	1.599349006057054	Poss.3Pl	V	1	19	TRUE	-2.4562286593819582	-1.151812998292156	-3.067532656447431	-3.679238732866685	-1.5683133037763932	-3.5855037684676825	1.2847635233137833	1.3034409700990126	2.62620257684233	1.9157196581552682	2.0171904646912964
flaszter	0.45065098390392183	Ins	C	8	19	TRUE	1.947311558517949	1.9779811973450971	NA	2.2426099377849984	1.9611805068787838	NA	0.0387951515658291	-0.18567474815799134	NA	NA	NA
kornett	-0.7627231690630004	Supe	V	3	19	TRUE	1.5048925912347886	NA	1.6259644321861186	1.0811473668316811	NA	1.9294349281998915	-0.668605230393597	NA	0.3784998623009394	NA	NA
krokett	0.5548602356534778	Dat	C	1	19	TRUE	-0.2687380649482663	0.1105440694074366	-1.395281903130249	-0.29976636288749264	-0.0837152563122492	-1.2062551641080357	-0.2774614553759155	-0.3906857246386013	NA	1.5058259725376928	1.1225399077957832
latex	1.2796554290768758	Abl	C	1	19	TRUE	-0.6621935380344122	-0.501833248170526	-1.9548436808553753	-0.3625761429561654	-0.29848461304329416	-1.7645592416867653	-0.871239227086619	-0.9615131006768824	NA	1.4530104326848488	1.4660746286434687
motel	1.2119005338291844	Del	C	4	19	TRUE	0.4885191599939788	0.48150674720229697	0.2791874383205992	0.947372344850152	0.9097368465291231	0.14084008671565149	-0.2453854872081973	-0.4580533634530304	NA	0.20231930888169813	0.7688967598134724
notesz	1.2106855490122028	Ade	C	3	19	TRUE	0.6549311265381912	0.7938509205486918	0.9460785193667216	0.8671010431782441	1.3741669106170142	1.1044316142788237	-0.07305699737370619	-0.2530423083853684	NA	-0.15222759881802972	0.26973529633819737
pajesz	0.19606017543000023	Poss.3Pl	V	19	1	TRUE	3.8050999968259633	3.705888660074623	3.495479112485641	4.0571212039932805	3.4658304107860682	6.00143451557632	1.2847635233137833	1.3034409700990126	2.62620257684233	0.21040954758898067	-2.5356041047902522
rocker	1.3774960070047173	Ill	C	1	19	TRUE	-2.5731349269816755	-1.9154659573448336	-4.142360593632641	-3.537133343091516	-2.241880303780773	-4.681421378830132	1.217385048670586	1.0318553022748764	NA	2.2268946362878097	2.4395410750493625
saller	0.9310512982678172	Dat	C	7	19	TRUE	2.074264575079264	2.057332120552014	NA	2.253952674451753	1.9722733813012319	NA	-0.2774614553759155	-0.3906857246386013	NA	NA	NA
token	1.245905770590949	Poss.1Pl	V	1	19	TRUE	-2.0572437530038483	-2.272591282069629	-0.6704418496108384	-1.8327890836969523	-2.2266061372108807	0.4968707642031446	0.15310165641401538	NA	1.2295600722356197	-1.6021494324587877	-2.723476901414017
zsakett	-0.03701015209889327	Poss.3Sg	C	10	19	TRUE	0.6011074304118538	0.6788570403496649	0.35957866943481265	0.9162479410021662	1.044826649684016	0.4154227470722573	0.34265423359786434	0.449770007868573	-0.11457998858783418	0.31927837091485856	0.6294039026117559
bakter	0.716349974254184	Ine	C	18	13	TRUE	3.119293519794611	2.5185969103269454	6.014651569601758	2.8314809212221133	2.2087704958796657	5.602553281365721	0.6678142040557484	0.48128711825515536	NA	-3.4960546592748045	-3.393782785486053
bakter	0.716349974254184	Poss.3Sg	C	18	3	TRUE	3.119293519794611	2.5185969103269454	6.014651569601758	2.8314809212221133	2.2087704958796657	5.602553281365721	0.34265423359786434	0.449770007868573	-0.11457998858783418	-3.4960546592748045	-3.393782785486053
balett	2.009241501756081	Poss.1Sg	V	4	18	TRUE	0.9812276996892723	0.9396377843711519	1.2998800241934645	1.0119635103266111	0.9490038959985841	1.4466269176441322	0.7438144784588202	NA	1.5973279087968308	-0.3602422398223126	-0.49762302164555194
barter	0.48713596362774514	Del	C	1	18	TRUE	-0.21818576577981116	-0.2250763977491314	NA	0.46570378668387863	0.18537517226678127	NA	-0.2453854872081973	-0.4580533634530304	NA	NA	NA
bovden	0.3614813417036351	Subl	C	1	18	TRUE	0.24514459078103035	0.27529560780579515	NA	0.4011965298875112	0.12314247919330532	NA	0.4733699064456612	0.20293628635125044	NA	NA	NA
karter	0.13926501315555695	Ins	C	1	18	TRUE	1.290083420779366	1.2713194507612067	NA	2.0520311456134883	1.7705532074882335	NA	0.0387951515658291	-0.18567474815799134	NA	NA	NA
koffer	0.9596105383709403	All	C	1	18	TRUE	1.133986957218971	1.0491872103770599	1.503004027343311	1.497464821856713	1.37821131399058	1.729203189665714	-0.359133664992004	-0.5272796117155265	NA	-0.45381681696625265	-0.3509918756751347
konzerv	1.762724386751122	Poss.3Sg	V	12	18	TRUE	-2.5201384267720455	-3.6695204075891534	-1.8015236780790072	-2.7600041364864163	-3.4510739122710548	-1.8219766366180095	0.34265423359786434	0.449770007868573	-0.11457998858783418	-1.8679967295101392	-1.6290972756530522
kornett	-0.7627231690630004	Acc	V	5	18	TRUE	1.5048925912347886	NA	1.6259644321861186	1.0811473668316811	NA	1.9294349281998915	-0.29383043118284424	NA	0.1555929746945892	NA	NA
malter	0.6100893505755742	Ine	C	17	18	TRUE	3.6863291300798755	3.696530629589436	3.4032691387090326	3.8232012844687486	3.5663554892769227	3.4050478886486033	0.6678142040557484	0.48128711825515536	NA	0.293261490880397	0.1613076006283336
modem	1.8046211752050836	Poss.3Pl	C	9	18	TRUE	-2.705455674473216	-2.721219483326244	-2.4834319679243997	-2.765776541416366	-2.795085734628752	-2.0955737370732432	1.2847635233137833	1.3034409700990126	2.62620257684233	-0.23778751540183407	-0.6995119975555184
motel	1.2119005338291844	Supe	V	1	18	TRUE	0.4885191599939788	0.48150674720229697	0.2791874383205992	0.947372344850152	0.9097368465291231	0.14084008671565149	-0.668605230393597	NA	0.3784998623009394	0.20231930888169813	0.7688967598134724
muter	0.5004649093036383	Ade	C	18	4	TRUE	4.37957714844916	4.255595165573606	4.404811342033169	4.513383626914129	4.069982439603134	5.773368990496519	-0.07305699737370619	-0.2530423083853684	NA	-0.14921617645956076	-1.7033865508933843
pakett	0.4472263572536482	Dat	C	1	18	TRUE	0.005112786109951248	0.035458761321357946	0.1743474821002181	0.04834439923503438	0.2690330230041088	0.3017718499085538	-0.2774614553759155	-0.3906857246386013	NA	-0.1388887207788656	-0.03273882690443486
parkett	1.1773690982060443	Ill	C	18	17	TRUE	-0.5655949854887071	-0.30994612260019166	-1.0774818163143118	-0.6176946694168769	-0.19433755901866664	-0.6900134144769373	1.217385048670586	1.0318553022748764	NA	0.7675356937141231	0.4956758554582734
parkett	1.1773690982060443	All	C	5	18	TRUE	-0.5655949854887071	-0.30994612260019166	-1.0774818163143118	-0.6176946694168769	-0.19433755901866664	-0.6900134144769373	-0.359133664992004	-0.5272796117155265	NA	0.7675356937141231	0.4956758554582734
parkett	1.1773690982060443	Dat	C	7	18	TRUE	-0.5655949854887071	-0.30994612260019166	-1.0774818163143118	-0.6176946694168769	-0.19433755901866664	-0.6900134144769373	-0.2774614553759155	-0.3906857246386013	NA	0.7675356937141231	0.4956758554582734
saller	0.9310512982678172	Ill	C	13	18	TRUE	2.074264575079264	2.057332120552014	NA	2.253952674451753	1.9722733813012319	NA	1.217385048670586	1.0318553022748764	NA	NA	NA
saller	0.9310512982678172	Subl	C	7	18	TRUE	2.074264575079264	2.057332120552014	NA	2.253952674451753	1.9722733813012319	NA	0.4733699064456612	0.20293628635125044	NA	NA	NA
szkander	0.6195616634977026	All	C	2	18	TRUE	1.0873298060493601	1.0817145893394877	NA	1.680218147918616	1.3989490457637754	NA	-0.359133664992004	-0.5272796117155265	NA	NA	NA
bakter	0.716349974254184	Abl	C	8	17	TRUE	3.119293519794611	2.5185969103269454	6.014651569601758	2.8314809212221133	2.2087704958796657	5.602553281365721	-0.871239227086619	-0.9615131006768824	NA	-3.4960546592748045	-3.393782785486053
fráter	1.1826921806578794	Ine	C	3	17	TRUE	-0.04314583262104413	0.10254600846284118	-0.9421173302902134	-0.5815050824962534	-0.19031433574358594	-1.4979969406919798	0.6678142040557484	0.48128711825515536	NA	1.044663338753054	1.307682604948397
jampec	0.15123380228128092	Acc	V	7	17	TRUE	3.4369665276454686	2.5367315489898026	3.6118928652893967	2.256263713858216	2.160921244204303	3.083319671113543	-0.29383043118284424	NA	0.1555929746945892	-1.0751613162995852	-0.9223984269092398
kolesz	0.7726222789466473	Del	C	17	3	TRUE	4.218134977258358	4.101730669087493	5.882728693144244	4.840830287447354	4.548181049615628	5.809659038143662	-0.2453854872081973	-0.4580533634530304	NA	-1.780998024056757	-1.2614779885280427
kupec	0.4459578141554795	All	C	1	17	TRUE	1.3007474188318735	0.10650117359579525	1.851217510017771	0.4514254079465868	-0.3519515178433392	1.420202796489908	-0.359133664992004	-0.5272796117155265	NA	-1.7447163364219733	-1.7721543143332354
káder	1.0191292004490349	Subl	C	2	17	TRUE	-0.3632533101782332	0.7598828190848108	-2.192486454955027	-1.4669470279381294	0.4276283695770943	-2.7543646771308574	0.4733699064456612	0.20293628635125044	NA	2.952369274039839	3.1819930467079445
macesz	0.375579529103281	Subl	C	14	17	TRUE	2.689527758280804	2.627963858019542	3.5482644031300348	2.9628067897606996	2.6889126162425496	3.5604178673029145	0.4733699064456612	0.20293628635125044	NA	-0.9203005451104929	-0.8715052510603698
okker	0.6295458844043035	Ill	C	2	17	TRUE	0.3728555253230692	0.43510418341852763	-0.2251214958907451	0.3804458442510932	0.4639988224573867	-0.6837106588302552	1.217385048670586	1.0318553022748764	NA	0.6602256793092778	1.1477094812876345
sakter	-0.02236047956875661	Dat	C	9	17	TRUE	2.078439925265252	2.491265498591943	1.8446688113160543	1.0468503489130512	2.0941984753798657	1.2766584661742808	-0.2774614553759155	-0.3906857246386013	NA	0.6465966872758884	0.8175400092055867
balek	1.18302479496678	Ela	C	16	2	TRUE	5.19400390862709	4.594366274077986	7.85212326911952	5.0114054131495704	4.29102959246572	8.044958839194248	0.33031806042080036	0.18036767800177328	NA	-3.2577569950415324	-3.753929246728532
fráter	1.1826921806578794	Abl	C	1	16	TRUE	-0.04314583262104413	0.10254600846284118	-0.9421173302902134	-0.5815050824962534	-0.19031433574358594	-1.4979969406919798	-0.871239227086619	-0.9615131006768824	NA	1.044663338753054	1.307682604948397
kábel	2.5255200123429824	Transl	C	1	16	TRUE	-1.9182344874011954	-1.665743510161935	-2.64570839835132	-2.279435937498378	-1.795492792098046	-2.7048180941551365	-0.13129248127840795	-0.3613186238423797	NA	0.9799648881893859	0.9093253020570984
modem	1.8046211752050836	Poss.3Pl	V	11	16	TRUE	-2.705455674473216	-2.721219483326244	-2.4834319679243997	-2.765776541416366	-2.795085734628752	-2.0955737370732432	1.2847635233137833	1.3034409700990126	2.62620257684233	-0.23778751540183407	-0.6995119975555184
pakett	0.4472263572536482	Ela	C	2	16	TRUE	0.005112786109951248	0.035458761321357946	0.1743474821002181	0.04834439923503438	0.2690330230041088	0.3017718499085538	0.33031806042080036	0.18036767800177328	NA	-0.1388887207788656	-0.03273882690443486
panel	2.4164305848960708	Pl.Poss.1Sg	C	6	16	TRUE	1.2962506675275407	1.3510573303496098	1.0490957184757776	1.060211173155013	1.4982037187111807	0.9850695221411259	0.6131297192077504	0.8444837952938684	-6.133683343026464	0.3019616118738213	0.51313419657005
srapnel	0.01001470890808267	Abl	C	1	16	TRUE	0.289835836980529	0.30477180051757924	NA	0.25502731331126205	-0.02111473831083197	NA	-0.871239227086619	-0.9615131006768824	NA	NA	NA
sólet	0.5795661084462529	Supe	V	1	16	TRUE	-0.12418061673030224	-0.12173024005054263	0.19314938686269686	0.002196849407772516	0.06898960502339116	0.39306869079442236	-0.668605230393597	NA	0.3784998623009394	-0.314879626913239	-0.3240790857710323
traverz	0.20689420194327868	Poss.3Sg	V	2	16	TRUE	-0.020814344768471976	0.04840994712620063	0.42748329124035817	0.3127600676949535	0.2441666914419665	0.5427183775549669	0.34265423359786434	0.449770007868573	-0.11457998858783418	-0.37907334411416116	-0.29855168611300087
balek	1.18302479496678	Abl	C	15	4	TRUE	5.19400390862709	4.594366274077986	7.85212326911952	5.0114054131495704	4.29102959246572	8.044958839194248	-0.871239227086619	-0.9615131006768824	NA	-3.2577569950415324	-3.753929246728532
halef	-0.7568936254022766	Acc	V	15	11	TRUE	2.4971775283801545	1.3366257289535934	3.5550038561594897	2.3703956494213263	1.1097096883720927	3.7469407470128755	-0.29383043118284424	NA	0.1555929746945892	-2.218378127205895	-2.6372310586407792
haver	2.2866022611361054	Ill	C	10	15	TRUE	7.858040315490662	6.51741962550768	8.80008836561386	7.329312325716447	6.429911701261939	8.824082393405913	1.217385048670586	1.0318553022748764	NA	-2.2826687401061747	-2.394170692143973
jampec	0.15123380228128092	Dat	C	15	8	TRUE	3.4369665276454686	2.5367315489898026	3.6118928652893967	2.256263713858216	2.160921244204303	3.083319671113543	-0.2774614553759155	-0.3906857246386013	NA	-1.0751613162995852	-0.9223984269092398
kadet	1.0549493807742008	Pl.Poss.1Pl	C	15	8	TRUE	2.36110488885739	1.8802564134333617	2.8242669752331517	1.6686132448989466	1.6977542568474873	2.2979929256397296	-0.4336227056899424	-0.43912103034877586	1.2596801884470352	-0.9440105617998	-0.6002386687922439
kadet	1.0549493807742008	Abl	C	2	15	TRUE	2.36110488885739	1.8802564134333617	2.8242669752331517	1.6686132448989466	1.6977542568474873	2.2979929256397296	-0.871239227086619	-0.9615131006768824	NA	-0.9440105617998	-0.6002386687922439
kukker	0.09923081884002372	Subl	C	1	15	TRUE	1.1846179082547683	1.1874827357435913	NA	1.5730357371951085	1.2917395990234863	NA	0.4733699064456612	0.20293628635125044	NA	NA	NA
raszter	0.7107638010015679	Dat	C	2	15	TRUE	-0.6934882820153202	-0.6916640560964054	NA	-0.1136059570701097	-0.39355200740878266	NA	-0.2774614553759155	-0.3906857246386013	NA	NA	NA
rubel	1.3648850069419438	Poss.1Pl	V	1	15	TRUE	-1.3552367197931288	-1.3534973420314007	-0.4517738340519745	-0.778942677325193	-1.0637286596072673	0.712773639979225	0.15310165641401538	NA	1.2295600722356197	-0.9017235079794261	-1.7765022995864825
sparherd	-0.27211940645408866	Ine	C	4	15	TRUE	0.7718613802513418	0.7708595674237161	NA	1.5412510869215423	1.2597312415342012	NA	0.6678142040557484	0.48128711825515536	NA	NA	NA
sóder	0.9842054240536064	Abl	C	1	15	TRUE	1.1364217071680507	1.1017094199883335	1.4647855863902324	1.4102110443861198	1.16143557238133	1.9332398204525754	-0.871239227086619	-0.9615131006768824	NA	-0.3630761664018962	-0.7718042480712342
valcer	0.3548168454722682	Ine	C	2	15	TRUE	0.4188022171623434	0.4292148947446125	NA	0.7290962723107519	0.44974247561466374	NA	0.6678142040557484	0.48128711825515536	NA	NA	NA
bankett	1.09656121596579	All	C	2	14	TRUE	-0.397359030637319	-0.15976232776145105	-1.0694785181347308	-0.2875541442777983	-0.1624597875545382	-0.8768749697527036	-0.359133664992004	-0.5272796117155265	NA	0.909716190373274	0.7144151821981666
farmer	1.984242209298364	Poss.3Pl	C	14	13	TRUE	1.6783249816660524	1.7041189567438315	1.5493177130649716	1.64257520131194	1.820925303598231	1.6247447009729654	1.2847635233137833	1.3034409700990126	2.62620257684233	0.15480124367886106	0.1961806026252617
haver	2.2866022611361054	Poss.3Sg	V	4	14	TRUE	7.858040315490662	6.51741962550768	8.80008836561386	7.329312325716447	6.429911701261939	8.824082393405913	0.34265423359786434	0.449770007868573	-0.11457998858783418	-2.2826687401061747	-2.394170692143973
kopek	0.13371366596503742	Ins	C	2	14	TRUE	0.9245469922653405	0.7859829255631626	1.40692869546813	0.9927659614323369	1.0673464748721766	1.5655672075671405	0.0387951515658291	-0.18567474815799134	NA	-0.6209457699049636	-0.4982207326949606
kukker	0.09923081884002372	Ill	C	6	14	TRUE	1.1846179082547683	1.1874827357435913	NA	1.5730357371951085	1.2917395990234863	NA	1.217385048670586	1.0318553022748764	NA	NA	NA
kábel	2.5255200123429824	Pl.Poss.3Sg	C	2	14	TRUE	-1.9182344874011954	-1.665743510161935	-2.64570839835132	-2.279435937498378	-1.795492792098046	-2.7048180941551365	-0.3660503852105195	-0.17826185132906647	-0.9979505042302497	0.9799648881893859	0.9093253020570984
kókler	0.9301594617947097	Ill	C	2	14	TRUE	-0.6727401681826641	-0.24575373217961363	-1.3740015968298946	-1.60167714007776	-0.5496631699777804	-1.9381777310307067	1.217385048670586	1.0318553022748764	NA	1.128247864650291	1.3885145610529293
puffer	1.3898337365494366	Poss.3Sg	C	3	14	TRUE	-0.4907603713473192	-0.5107956742089658	-0.41943383383116445	-0.13657735616574268	-0.1995004000706003	-0.48218675701443053	0.34265423359786434	0.449770007868573	-0.11457998858783418	-0.09136184037780026	0.2826863569438274
szovjet	2.59966886920045	Transl	C	1	14	TRUE	-4.180216730124447	-0.9556959187548019	-5.026352006514041	-5.504641410165539	-1.3735788594111211	-5.5841093550202725	-0.13129248127840795	-0.3613186238423797	NA	4.070656087759247	4.210530495609149
traverz	0.20689420194327868	Ill	C	1	14	TRUE	-0.020814344768471976	0.04840994712620063	0.42748329124035817	0.3127600676949535	0.2441666914419665	0.5427183775549669	1.217385048670586	1.0318553022748764	NA	-0.37907334411416116	-0.29855168611300087
zacsek	-0.3396988174375006	Ill	C	14	1	TRUE	3.6244971456701296	2.9106480846070695	5.246862817605292	3.9210196163991964	3.4065910681601856	5.274090178346253	1.217385048670586	1.0318553022748764	NA	-2.336214732998215	-1.867499110186074
fater	1.2643232470451446	Ela	C	13	5	TRUE	5.399583301492054	5.278693673182967	NA	5.4353456297150755	5.153377941213182	NA	0.33031806042080036	0.18036767800177328	NA	NA	NA
fater	1.2643232470451446	Del	C	13	3	TRUE	5.399583301492054	5.278693673182967	NA	5.4353456297150755	5.153377941213182	NA	-0.2453854872081973	-0.4580533634530304	NA	NA	NA
flanel	0.35638106706207384	Pl	V	11	13	TRUE	1.6804832661958133	1.4561003812292692	3.403704400208321	1.8979846204087558	1.562115176757378	3.0448321728732366	-1.3950395672621765	NA	-0.6092984900084293	-1.9476040189790638	-1.4827169961158688
halef	-0.7568936254022766	Ins	C	4	13	TRUE	2.4971775283801545	1.3366257289535934	3.5550038561594897	2.3703956494213263	1.1097096883720927	3.7469407470128755	0.0387951515658291	-0.18567474815799134	NA	-2.218378127205895	-2.6372310586407792
karter	0.13926501315555695	Ade	C	2	13	TRUE	1.290083420779366	1.2713194507612067	NA	2.0520311456134883	1.7705532074882335	NA	-0.07305699737370619	-0.2530423083853684	NA	NA	NA
kopek	0.13371366596503742	Ill	C	6	13	TRUE	0.9245469922653405	0.7859829255631626	1.40692869546813	0.9927659614323369	1.0673464748721766	1.5655672075671405	1.217385048670586	1.0318553022748764	NA	-0.6209457699049636	-0.4982207326949606
malter	0.6100893505755742	Del	C	13	1	TRUE	3.6863291300798755	3.696530629589436	3.4032691387090326	3.8232012844687486	3.5663554892769227	3.4050478886486033	-0.2453854872081973	-0.4580533634530304	NA	0.293261490880397	0.1613076006283336
pajesz	0.19606017543000023	Dat	C	13	1	TRUE	3.8050999968259633	3.705888660074623	3.495479112485641	4.0571212039932805	3.4658304107860682	6.00143451557632	-0.2774614553759155	-0.3906857246386013	NA	0.21040954758898067	-2.5356041047902522
parszek	-0.2499378462191083	Ins	C	1	13	TRUE	-0.2104437551890768	-0.14798487826204398	NA	0.27548418863300933	-7.329816120314155e-4	NA	0.0387951515658291	-0.18567474815799134	NA	NA	NA
partner	3.170887565855278	Poss.3Sg	C	3	13	TRUE	-4.237640573949965	-2.6397879938328885	-5.5093527786781475	-4.2387020640889626	-2.88340224090286	-4.934728979308532	0.34265423359786434	0.449770007868573	-0.11457998858783418	2.8695647848452666	2.0513267384056775
stukker	0.4972514689535526	Poss.3Sg	C	5	13	TRUE	1.7799651525405087	1.7787676438352522	NA	1.8885704206723077	1.6071826469399213	NA	0.34265423359786434	0.449770007868573	-0.11457998858783418	NA	NA
szkander	0.6195616634977026	Dat	C	4	13	TRUE	1.0873298060493601	1.0817145893394877	NA	1.680218147918616	1.3989490457637754	NA	-0.2774614553759155	-0.3906857246386013	NA	NA	NA
sóder	0.9842054240536064	Ade	C	2	13	TRUE	1.1364217071680507	1.1017094199883335	1.4647855863902324	1.4102110443861198	1.16143557238133	1.9332398204525754	-0.07305699737370619	-0.2530423083853684	NA	-0.3630761664018962	-0.7718042480712342
sóder	0.9842054240536064	Del	C	4	13	TRUE	1.1364217071680507	1.1017094199883335	1.4647855863902324	1.4102110443861198	1.16143557238133	1.9332398204525754	-0.2453854872081973	-0.4580533634530304	NA	-0.3630761664018962	-0.7718042480712342
zacsek	-0.3396988174375006	Acc	V	13	1	TRUE	3.6244971456701296	2.9106480846070695	5.246862817605292	3.9210196163991964	3.4065910681601856	5.274090178346253	-0.29383043118284424	NA	0.1555929746945892	-2.336214732998215	-1.867499110186074
ágens	1.3130456667326265	Ade	C	1	13	TRUE	-2.843169907285617	-1.9977715357197305	-3.636797066124861	-3.9496943369949227	-2.47530953146927	-4.1439442613841955	-0.07305699737370619	-0.2530423083853684	NA	1.639025530405121	1.6686347299149276
bakter	0.716349974254184	Ade	C	12	8	TRUE	3.119293519794611	2.5185969103269454	6.014651569601758	2.8314809212221133	2.2087704958796657	5.602553281365721	-0.07305699737370619	-0.2530423083853684	NA	-3.4960546592748045	-3.393782785486053
bankett	1.09656121596579	Poss.3Pl	C	1	12	TRUE	-0.397359030637319	-0.15976232776145105	-1.0694785181347308	-0.2875541442777983	-0.1624597875545382	-0.8768749697527036	1.2847635233137833	1.3034409700990126	2.62620257684233	0.909716190373274	0.7144151821981666
fater	1.2643232470451446	Ine	C	12	9	TRUE	5.399583301492054	5.278693673182967	NA	5.4353456297150755	5.153377941213182	NA	0.6678142040557484	0.48128711825515536	NA	NA	NA
flóbert	-0.17940182556505124	Acc	V	4	12	TRUE	1.227724269373914	0.2433265701321473	2.132712432738167	1.1145527501291592	0.044363351127217385	2.3218189493353276	-0.29383043118284424	NA	0.1555929746945892	-1.8893858626060336	-2.277455598208107
haver	2.2866022611361054	Pl.Poss.3Sg	V	2	12	TRUE	7.858040315490662	6.51741962550768	8.80008836561386	7.329312325716447	6.429911701261939	8.824082393405913	-0.3660503852105195	-0.17826185132906647	-0.9979505042302497	-2.2826687401061747	-2.394170692143973
kadet	1.0549493807742008	Transl	C	4	12	TRUE	2.36110488885739	1.8802564134333617	2.8242669752331517	1.6686132448989466	1.6977542568474873	2.2979929256397296	-0.13129248127840795	-0.3613186238423797	NA	-0.9440105617998	-0.6002386687922439
krapek	0.2858131136537797	Subl	C	12	2	TRUE	4.819766464867598	4.038693666681293	7.026665598959007	4.642201670630355	3.6891508537739117	7.225533422368672	0.4733699064456612	0.20293628635125044	NA	-2.9879719322777163	-3.5363825685947603
krokett	0.5548602356534778	Ine	C	12	9	TRUE	-0.2687380649482663	0.1105440694074366	-1.395281903130249	-0.29976636288749264	-0.0837152563122492	-1.2062551641080357	0.6678142040557484	0.48128711825515536	NA	1.5058259725376928	1.1225399077957832
káder	1.0191292004490349	Abl	C	2	12	TRUE	-0.3632533101782332	0.7598828190848108	-2.192486454955027	-1.4669470279381294	0.4276283695770943	-2.7543646771308574	-0.871239227086619	-0.9615131006768824	NA	2.952369274039839	3.1819930467079445
maszek	1.0569096792608152	Subl	C	12	2	TRUE	6.292533309903096	5.205635411992807	9.38661917329718	5.861708893713378	5.215065398825435	8.950885186876834	0.4733699064456612	0.20293628635125044	NA	-4.180983761304375	-3.7358197880514012
muter	0.5004649093036383	Subl	C	12	2	TRUE	4.37957714844916	4.255595165573606	4.404811342033169	4.513383626914129	4.069982439603134	5.773368990496519	0.4733699064456612	0.20293628635125044	NA	-0.14921617645956076	-1.7033865508933843
parkett	1.1773690982060443	Transl	C	12	1	TRUE	-0.5655949854887071	-0.30994612260019166	-1.0774818163143118	-0.6176946694168769	-0.19433755901866664	-0.6900134144769373	-0.13129248127840795	-0.3613186238423797	NA	0.7675356937141231	0.4956758554582734
sumer	1.0545026216751352	Subl	C	12	9	TRUE	3.9103556135154482	2.2313604258939503	4.654774183009057	2.9996666771687197	2.248718854542426	4.094491783711142	0.4733699064456612	0.20293628635125044	NA	-2.4234137571150995	-1.845772929168703
sólet	0.5795661084462529	Abl	C	1	12	TRUE	-0.12418061673030224	-0.12173024005054263	0.19314938686269686	0.002196849407772516	0.06898960502339116	0.39306869079442236	-0.871239227086619	-0.9615131006768824	NA	-0.314879626913239	-0.3240790857710323
zsorzsett	-0.4796665444109201	Acc	V	1	12	TRUE	0.3552364485173219	NA	0.7380469301184485	0.13103208175139217	NA	0.9156326872948356	-0.29383043118284424	NA	0.1555929746945892	NA	NA
ájer	-0.2655319315680039	Ine	C	5	12	TRUE	1.040714145595206	1.0136483709389403	NA	1.6098107000337403	1.3281556259576042	NA	0.6678142040557484	0.48128711825515536	NA	NA	NA
balek	1.18302479496678	All	C	11	4	TRUE	5.19400390862709	4.594366274077986	7.85212326911952	5.0114054131495704	4.29102959246572	8.044958839194248	-0.359133664992004	-0.5272796117155265	NA	-3.2577569950415324	-3.753929246728532
klozet	0.06396436403742334	Del	C	11	9	TRUE	3.3892947463664207	2.8867325963948014	3.983455086932854	3.3791696818876344	3.1284547405658683	4.178220485957636	-0.2453854872081973	-0.4580533634530304	NA	-1.096722490538042	-1.0497657453917668
káder	1.0191292004490349	Ade	C	9	11	TRUE	-0.3632533101782332	0.7598828190848108	-2.192486454955027	-1.4669470279381294	0.4276283695770943	-2.7543646771308574	-0.07305699737370619	-0.2530423083853684	NA	2.952369274039839	3.1819930467079445
lóden	-0.5619170221862215	Ine	C	5	11	TRUE	1.0704240074169928	1.0540236979597266	NA	1.883704175728511	1.5994132187807255	NA	0.6678142040557484	0.48128711825515536	NA	NA	NA
mater	1.2873847479934366	Poss.3Sg	C	11	2	TRUE	0.1087594269527214	0.07199047178176739	3.3253531421055604	0.4932616758310194	0.19681708334620732	2.5958786943453727	0.34265423359786434	0.449770007868573	-0.11457998858783418	-3.2533626703237815	-2.399061610999169
mutter	0.41434513085899255	Ine	C	2	11	TRUE	3.023097240355212	2.841230711042891	3.99721517432592	2.99328124589384	2.7081287065930097	3.804339791893953	0.6678142040557484	0.48128711825515536	NA	-1.1559844632830192	-1.0962110853009364
pakett	0.4472263572536482	Poss.3Pl	C	1	11	TRUE	0.005112786109951248	0.035458761321357946	0.1743474821002181	0.04834439923503438	0.2690330230041088	0.3017718499085538	1.2847635233137833	1.3034409700990126	2.62620257684233	-0.1388887207788656	-0.03273882690443486
pasztell	1.4163120740957438	All	C	1	11	TRUE	-0.21011321687667037	-0.2422367576119342	-0.9492765577974501	0.03170517963642175	-0.20670074736325145	-0.5629355387574819	-0.359133664992004	-0.5272796117155265	NA	0.7070398001855125	0.356234791394229
roller	1.4284785179087636	Poss.1Sg	V	11	1	TRUE	0.16964076092092792	0.2396701425583425	-0.10487779396037022	-0.04772694050442396	0.08472019493102859	-0.19035307464966728	0.7438144784588202	NA	1.5973279087968308	0.3445479365187083	0.27507326958068745
ájer	-0.2655319315680039	Ill	C	5	11	TRUE	1.040714145595206	1.0136483709389403	NA	1.6098107000337403	1.3281556259576042	NA	1.217385048670586	1.0318553022748764	NA	NA	NA
bakter	0.716349974254184	Subl	C	9	10	TRUE	3.119293519794611	2.5185969103269454	6.014651569601758	2.8314809212221133	2.2087704958796657	5.602553281365721	0.4733699064456612	0.20293628635125044	NA	-3.4960546592748045	-3.393782785486053
barrel	0.28764613499013436	Subl	C	2	10	TRUE	0.4789446509914925	0.5379448602939746	NA	0.941746390552398	0.6709751015408976	NA	0.4733699064456612	0.20293628635125044	NA	NA	NA
flóbert	-0.17940182556505124	Ins	C	1	10	TRUE	1.227724269373914	0.2433265701321473	2.132712432738167	1.1145527501291592	0.044363351127217385	2.3218189493353276	0.0387951515658291	-0.18567474815799134	NA	-1.8893858626060336	-2.277455598208107
jampec	0.15123380228128092	Ins	C	1	10	TRUE	3.4369665276454686	2.5367315489898026	3.6118928652893967	2.256263713858216	2.160921244204303	3.083319671113543	0.0387951515658291	-0.18567474815799134	NA	-1.0751613162995852	-0.9223984269092398
klozet	0.06396436403742334	Ela	C	10	7	TRUE	3.3892947463664207	2.8867325963948014	3.983455086932854	3.3791696818876344	3.1284547405658683	4.178220485957636	0.33031806042080036	0.18036767800177328	NA	-1.096722490538042	-1.0497657453917668
klozet	0.06396436403742334	Dat	C	6	10	TRUE	3.3892947463664207	2.8867325963948014	3.983455086932854	3.3791696818876344	3.1284547405658683	4.178220485957636	-0.2774614553759155	-0.3906857246386013	NA	-1.096722490538042	-1.0497657453917668
kolesz	0.7726222789466473	Ade	C	10	1	TRUE	4.218134977258358	4.101730669087493	5.882728693144244	4.840830287447354	4.548181049615628	5.809659038143662	-0.07305699737370619	-0.2530423083853684	NA	-1.780998024056757	-1.2614779885280427
kopek	0.13371366596503742	Del	C	1	10	TRUE	0.9245469922653405	0.7859829255631626	1.40692869546813	0.9927659614323369	1.0673464748721766	1.5655672075671405	-0.2453854872081973	-0.4580533634530304	NA	-0.6209457699049636	-0.4982207326949606
krapek	0.2858131136537797	Abl	C	10	1	TRUE	4.819766464867598	4.038693666681293	7.026665598959007	4.642201670630355	3.6891508537739117	7.225533422368672	-0.871239227086619	-0.9615131006768824	NA	-2.9879719322777163	-3.5363825685947603
krokett	0.5548602356534778	Subl	C	3	10	TRUE	-0.2687380649482663	0.1105440694074366	-1.395281903130249	-0.29976636288749264	-0.0837152563122492	-1.2062551641080357	0.4733699064456612	0.20293628635125044	NA	1.5058259725376928	1.1225399077957832
kupec	0.4459578141554795	Ade	C	4	10	TRUE	1.3007474188318735	0.10650117359579525	1.851217510017771	0.4514254079465868	-0.3519515178433392	1.420202796489908	-0.07305699737370619	-0.2530423083853684	NA	-1.7447163364219733	-1.7721543143332354
kókler	0.9301594617947097	Transl	C	1	10	TRUE	-0.6727401681826641	-0.24575373217961363	-1.3740015968298946	-1.60167714007776	-0.5496631699777804	-1.9381777310307067	-0.13129248127840795	-0.3613186238423797	NA	1.128247864650291	1.3885145610529293
macesz	0.375579529103281	All	C	7	10	TRUE	2.689527758280804	2.627963858019542	3.5482644031300348	2.9628067897606996	2.6889126162425496	3.5604178673029145	-0.359133664992004	-0.5272796117155265	NA	-0.9203005451104929	-0.8715052510603698
malter	0.6100893505755742	Abl	C	10	10	TRUE	3.6863291300798755	3.696530629589436	3.4032691387090326	3.8232012844687486	3.5663554892769227	3.4050478886486033	-0.871239227086619	-0.9615131006768824	NA	0.293261490880397	0.1613076006283336
maszek	1.0569096792608152	Transl	C	10	1	TRUE	6.292533309903096	5.205635411992807	9.38661917329718	5.861708893713378	5.215065398825435	8.950885186876834	-0.13129248127840795	-0.3613186238423797	NA	-4.180983761304375	-3.7358197880514012
matek	1.7446768078145567	Poss.3Pl	C	10	2	TRUE	6.8304842457962485	6.212971512952543	9.730822710355138	6.812071678119024	6.135974662869725	9.943819679584	1.2847635233137833	1.3034409700990126	2.62620257684233	-3.5178511974025923	-3.8078450167142677
muter	0.5004649093036383	Del	C	5	10	TRUE	4.37957714844916	4.255595165573606	4.404811342033169	4.513383626914129	4.069982439603134	5.773368990496519	-0.2453854872081973	-0.4580533634530304	NA	-0.14921617645956076	-1.7033865508933843
pajesz	0.19606017543000023	Ade	C	10	1	TRUE	3.8050999968259633	3.705888660074623	3.495479112485641	4.0571212039932805	3.4658304107860682	6.00143451557632	-0.07305699737370619	-0.2530423083853684	NA	0.21040954758898067	-2.5356041047902522
rakett	-1.0817265357388826	Acc	V	2	10	TRUE	1.1797369361428407	NA	1.5999661365098616	0.941746390552398	NA	1.784834261284194	-0.29383043118284424	NA	0.1555929746945892	NA	NA
sólet	0.5795661084462529	Ade	C	2	10	TRUE	-0.12418061673030224	-0.12173024005054263	0.19314938686269686	0.002196849407772516	0.06898960502339116	0.39306869079442236	-0.07305699737370619	-0.2530423083853684	NA	-0.314879626913239	-0.3240790857710323
zacsek	-0.3396988174375006	Ine	C	10	4	TRUE	3.6244971456701296	2.9106480846070695	5.246862817605292	3.9210196163991964	3.4065910681601856	5.274090178346253	0.6678142040557484	0.48128711825515536	NA	-2.336214732998215	-1.867499110186074
zsakett	-0.03701015209889327	Ins	C	7	10	TRUE	0.6011074304118538	0.6788570403496649	0.35957866943481265	0.9162479410021662	1.044826649684016	0.4154227470722573	0.0387951515658291	-0.18567474815799134	NA	0.31927837091485856	0.6294039026117559
bakter	0.716349974254184	Transl	C	1	9	TRUE	3.119293519794611	2.5185969103269454	6.014651569601758	2.8314809212221133	2.2087704958796657	5.602553281365721	-0.13129248127840795	-0.3613186238423797	NA	-3.4960546592748045	-3.393782785486053
bankett	1.09656121596579	Abl	C	1	9	TRUE	-0.397359030637319	-0.15976232776145105	-1.0694785181347308	-0.2875541442777983	-0.1624597875545382	-0.8768749697527036	-0.871239227086619	-0.9615131006768824	NA	0.909716190373274	0.7144151821981666
farmer	1.984242209298364	Poss.2Pl	V	2	9	TRUE	1.6783249816660524	1.7041189567438315	1.5493177130649716	1.64257520131194	1.820925303598231	1.6247447009729654	0.730639710204915	NA	1.529836365380866	0.15480124367886106	0.1961806026252617
flanel	0.35638106706207384	Ill	C	9	6	TRUE	1.6804832661958133	1.4561003812292692	3.403704400208321	1.8979846204087558	1.562115176757378	3.0448321728732366	1.217385048670586	1.0318553022748764	NA	-1.9476040189790638	-1.4827169961158688
flaszter	0.45065098390392183	Dat	C	1	9	TRUE	1.947311558517949	1.9779811973450971	NA	2.2426099377849984	1.9611805068787838	NA	-0.2774614553759155	-0.3906857246386013	NA	NA	NA
flaszter	0.45065098390392183	Abl	C	3	9	TRUE	1.947311558517949	1.9779811973450971	NA	2.2426099377849984	1.9611805068787838	NA	-0.871239227086619	-0.9615131006768824	NA	NA	NA
fotel	1.918034842594317	Poss.2Pl	V	9	6	TRUE	1.4314877837785018	1.345735794516804	1.9904706343461613	1.868852526897838	1.7632267152327532	1.8069164582978572	0.730639710204915	NA	1.529836365380866	-0.6447348398293684	-0.04368974306511575
fráter	1.1826921806578794	Ill	C	3	9	TRUE	-0.04314583262104413	0.10254600846284118	-0.9421173302902134	-0.5815050824962534	-0.19031433574358594	-1.4979969406919798	1.217385048670586	1.0318553022748764	NA	1.044663338753054	1.307682604948397
haver	2.2866022611361054	Pl.Poss.1Sg	V	2	9	TRUE	7.858040315490662	6.51741962550768	8.80008836561386	7.329312325716447	6.429911701261939	8.824082393405913	0.6131297192077504	0.8444837952938684	-6.133683343026464	-2.2826687401061747	-2.394170692143973
karter	0.13926501315555695	Abl	C	2	9	TRUE	1.290083420779366	1.2713194507612067	NA	2.0520311456134883	1.7705532074882335	NA	-0.871239227086619	-0.9615131006768824	NA	NA	NA
muter	0.5004649093036383	Pl	V	9	5	TRUE	4.37957714844916	4.255595165573606	4.404811342033169	4.513383626914129	4.069982439603134	5.773368990496519	-1.3950395672621765	NA	-0.6092984900084293	-0.14921617645956076	-1.7033865508933843
mutter	0.41434513085899255	Abl	C	1	9	TRUE	3.023097240355212	2.841230711042891	3.99721517432592	2.99328124589384	2.7081287065930097	3.804339791893953	-0.871239227086619	-0.9615131006768824	NA	-1.1559844632830192	-1.0962110853009364
omlett	0.9301594617947097	Poss.3Pl	C	1	9	TRUE	-2.7240493226723954	-1.6667932105474579	-3.1278597768282386	-2.896839945827541	-1.7602650632789125	-2.9387413831883342	1.2847635233137833	1.3034409700990126	2.62620257684233	1.4610665662807918	1.1784763199094215
pakett	0.4472263572536482	Ine	C	6	9	TRUE	0.005112786109951248	0.035458761321357946	0.1743474821002181	0.04834439923503438	0.2690330230041088	0.3017718499085538	0.6678142040557484	0.48128711825515536	NA	-0.1388887207788656	-0.03273882690443486
páter	1.0617720601296703	Ade	C	4	9	TRUE	-0.094616498334511	0.02471155194523427	-1.0682021314884567	-0.5563519580692081	-0.30700821751673757	-1.617448022553488	-0.07305699737370619	-0.2530423083853684	NA	1.092913683433693	1.3104398050367507
púder	1.360068138969874	Poss.3Sg	C	1	9	TRUE	-0.6187612288300788	-0.5458753059933869	-1.5714674627061478	-0.6609230453974319	-0.6841155124408549	-1.7498586746567615	0.34265423359786434	0.449770007868573	-0.11457998858783418	1.0255921567127615	1.0657431622159095
sumer	1.0545026216751352	All	C	9	9	TRUE	3.9103556135154482	2.2313604258939503	4.654774183009057	2.9996666771687197	2.248718854542426	4.094491783711142	-0.359133664992004	-0.5272796117155265	NA	-2.4234137571150995	-1.845772929168703
sumer	1.0545026216751352	Supe	V	9	5	TRUE	3.9103556135154482	2.2313604258939503	4.654774183009057	2.9996666771687197	2.248718854542426	4.094491783711142	-0.668605230393597	NA	0.3784998623009394	-2.4234137571150995	-1.845772929168703
suszter	0.9044772870280368	Poss.1Pl	V	1	9	TRUE	1.7065256580712955	1.6806756508554404	0.018182008595250782	1.5640360980471586	1.294966948824483	1.1754414396373363	0.15310165641401538	NA	1.2295600722356197	1.6624936422601877	0.11952550918714167
charter	1.0574427740273058	Ill	C	1	8	TRUE	-1.858024888145967	-2.1115042454399733	-0.25070331244806054	-1.6848320012890121	-2.2510619279859108	2.135983266716258	1.217385048670586	1.0318553022748764	NA	-1.860800932991907	-4.387045194702168
konzerv	1.762724386751122	Poss.3Pl	V	2	8	TRUE	-2.5201384267720455	-3.6695204075891534	-1.8015236780790072	-2.7600041364864163	-3.4510739122710548	-1.8219766366180095	1.2847635233137833	1.3034409700990126	2.62620257684233	-1.8679967295101392	-1.6290972756530522
krapek	0.2858131136537797	Del	C	5	8	TRUE	4.819766464867598	4.038693666681293	7.026665598959007	4.642201670630355	3.6891508537739117	7.225533422368672	-0.2453854872081973	-0.4580533634530304	NA	-2.9879719322777163	-3.5363825685947603
kódex	2.156884917051594	Transl	C	1	8	TRUE	-4.6845587063608845	-4.68142945939848	-4.389705789044701	-4.21900542622551	-4.528059751839257	-1.8907275261784378	-0.13129248127840795	-0.3613186238423797	NA	-0.29172367035378954	-2.6373322256608134
macesz	0.375579529103281	Del	C	8	6	TRUE	2.689527758280804	2.627963858019542	3.5482644031300348	2.9628067897606996	2.6889126162425496	3.5604178673029145	-0.2453854872081973	-0.4580533634530304	NA	-0.9203005451104929	-0.8715052510603698
mater	1.2873847479934366	Pl.Poss.3Sg	V	3	8	TRUE	0.1087594269527214	0.07199047178176739	3.3253531421055604	0.4932616758310194	0.19681708334620732	2.5958786943453727	-0.3660503852105195	-0.17826185132906647	-0.9979505042302497	-3.2533626703237815	-2.399061610999169
mater	1.2873847479934366	Ade	C	4	8	TRUE	0.1087594269527214	0.07199047178176739	3.3253531421055604	0.4932616758310194	0.19681708334620732	2.5958786943453727	-0.07305699737370619	-0.2530423083853684	NA	-3.2533626703237815	-2.399061610999169
nonszensz	1.2858393542194446	Ine	C	1	8	TRUE	-3.346533537971187	-3.39071600581133	NA	-3.5709357415511556	-3.7886985933948236	NA	0.6678142040557484	0.48128711825515536	NA	NA	NA
puffer	1.3898337365494366	Poss.1Sg	V	8	5	TRUE	-0.4907603713473192	-0.5107956742089658	-0.41943383383116445	-0.13657735616574268	-0.1995004000706003	-0.48218675701443053	0.7438144784588202	NA	1.5973279087968308	-0.09136184037780026	0.2826863569438274
púder	1.360068138969874	Poss.3Pl	V	1	8	TRUE	-0.6187612288300788	-0.5458753059933869	-1.5714674627061478	-0.6609230453974319	-0.6841155124408549	-1.7498586746567615	1.2847635233137833	1.3034409700990126	2.62620257684233	1.0255921567127615	1.0657431622159095
sparherd	-0.27211940645408866	Ill	C	4	8	TRUE	0.7718613802513418	0.7708595674237161	NA	1.5412510869215423	1.2597312415342012	NA	1.217385048670586	1.0318553022748764	NA	NA	NA
szkander	0.6195616634977026	Ill	C	6	8	TRUE	1.0873298060493601	1.0817145893394877	NA	1.680218147918616	1.3989490457637754	NA	1.217385048670586	1.0318553022748764	NA	NA	NA
szkander	0.6195616634977026	Ade	C	1	8	TRUE	1.0873298060493601	1.0817145893394877	NA	1.680218147918616	1.3989490457637754	NA	-0.07305699737370619	-0.2530423083853684	NA	NA	NA
valcer	0.3548168454722682	Dat	C	3	8	TRUE	0.4188022171623434	0.4292148947446125	NA	0.7290962723107519	0.44974247561466374	NA	-0.2774614553759155	-0.3906857246386013	NA	NA	NA
ájer	-0.2655319315680039	Ins	C	2	8	TRUE	1.040714145595206	1.0136483709389403	NA	1.6098107000337403	1.3281556259576042	NA	0.0387951515658291	-0.18567474815799134	NA	NA	NA
falzett	-0.16139740357670246	Subl	C	2	7	TRUE	0.3487199597047354	0.3178422416164411	0.5245294756585681	0.776371342732942	0.7702390032479395	0.459686892472368	0.4733699064456612	0.20293628635125044	NA	-0.2066872340421213	0.3105521107755749
flanel	0.35638106706207384	Subl	C	3	7	TRUE	1.6804832661958133	1.4561003812292692	3.403704400208321	1.8979846204087558	1.562115176757378	3.0448321728732366	0.4733699064456612	0.20293628635125044	NA	-1.9476040189790638	-1.4827169961158688
flaszter	0.45065098390392183	Transl	C	7	1	TRUE	1.947311558517949	1.9779811973450971	NA	2.2426099377849984	1.9611805068787838	NA	-0.13129248127840795	-0.3613186238423797	NA	NA	NA
fuser	-0.5905622036357516	Pl	V	3	7	TRUE	2.3732457127800015	1.5133929102553978	3.0839328890070528	1.6145292282877992	1.1162179562370063	2.536321514053581	-1.3950395672621765	NA	-0.6092984900084293	-1.5705399787516683	-1.4201035578165744
gukker	-0.35205990878233856	Ine	C	2	7	TRUE	1.6398450295142983	1.6466716313634777	NA	1.804875780866507	1.5223625255749833	NA	0.6678142040557484	0.48128711825515536	NA	NA	NA
karter	0.13926501315555695	All	C	7	6	TRUE	1.290083420779366	1.2713194507612067	NA	2.0520311456134883	1.7705532074882335	NA	-0.359133664992004	-0.5272796117155265	NA	NA	NA
kolesz	0.7726222789466473	Poss.1Pl	V	7	6	TRUE	4.218134977258358	4.101730669087493	5.882728693144244	4.840830287447354	4.548181049615628	5.809659038143662	0.15310165641401538	NA	1.2295600722356197	-1.780998024056757	-1.2614779885280427
kráter	1.5554389092659462	Poss.3Sg	C	7	5	TRUE	-1.7542908237634245	-1.7675633046831403	NA	-1.1698335382875418	-1.4499457604048136	NA	0.34265423359786434	0.449770007868573	-0.11457998858783418	NA	NA
notesz	1.2106855490122028	Abl	C	1	7	TRUE	0.6549311265381912	0.7938509205486918	0.9460785193667216	0.8671010431782441	1.3741669106170142	1.1044316142788237	-0.871239227086619	-0.9615131006768824	NA	-0.15222759881802972	0.26973529633819737
okker	0.6295458844043035	Supe	V	1	7	TRUE	0.3728555253230692	0.43510418341852763	-0.2251214958907451	0.3804458442510932	0.4639988224573867	-0.6837106588302552	-0.668605230393597	NA	0.3784998623009394	0.6602256793092778	1.1477094812876345
parkett	1.1773690982060443	Ine	C	2	7	TRUE	-0.5655949854887071	-0.30994612260019166	-1.0774818163143118	-0.6176946694168769	-0.19433755901866664	-0.6900134144769373	0.6678142040557484	0.48128711825515536	NA	0.7675356937141231	0.4956758554582734
roller	1.4284785179087636	Poss.3Sg	V	3	7	TRUE	0.16964076092092792	0.2396701425583425	-0.10487779396037022	-0.04772694050442396	0.08472019493102859	-0.19035307464966728	0.34265423359786434	0.449770007868573	-0.11457998858783418	0.3445479365187083	0.27507326958068745
saller	0.9310512982678172	Ela	C	7	3	TRUE	2.074264575079264	2.057332120552014	NA	2.253952674451753	1.9722733813012319	NA	0.33031806042080036	0.18036767800177328	NA	NA	NA
sparherd	-0.27211940645408866	Subl	C	2	7	TRUE	0.7718613802513418	0.7708595674237161	NA	1.5412510869215423	1.2597312415342012	NA	0.4733699064456612	0.20293628635125044	NA	NA	NA
tróger	0.7114537050098807	Subl	C	3	7	TRUE	1.3396227344118834	1.3127390782597355	1.3637862315594174	0.45326406836508815	0.9643531028154795	0.805334745717331	0.4733699064456612	0.20293628635125044	NA	-0.05104715329967746	0.15901835709814804
ájer	-0.2655319315680039	Abl	C	1	7	TRUE	1.040714145595206	1.0136483709389403	NA	1.6098107000337403	1.3281556259576042	NA	-0.871239227086619	-0.9615131006768824	NA	NA	NA
bakter	0.716349974254184	Supe	V	6	4	TRUE	3.119293519794611	2.5185969103269454	6.014651569601758	2.8314809212221133	2.2087704958796657	5.602553281365721	-0.668605230393597	NA	0.3784998623009394	-3.4960546592748045	-3.393782785486053
bakter	0.716349974254184	Del	C	2	6	TRUE	3.119293519794611	2.5185969103269454	6.014651569601758	2.8314809212221133	2.2087704958796657	5.602553281365721	-0.2453854872081973	-0.4580533634530304	NA	-3.4960546592748045	-3.393782785486053
balek	1.18302479496678	Del	C	5	6	TRUE	5.19400390862709	4.594366274077986	7.85212326911952	5.0114054131495704	4.29102959246572	8.044958839194248	-0.2453854872081973	-0.4580533634530304	NA	-3.2577569950415324	-3.753929246728532
bovden	0.3614813417036351	Ela	C	1	6	TRUE	0.24514459078103035	0.27529560780579515	NA	0.4011965298875112	0.12314247919330532	NA	0.33031806042080036	0.18036767800177328	NA	NA	NA
bunker	1.476796124675244	Pl.Poss.1Pl	V	1	6	TRUE	0.3695563811243048	0.4393458500991544	-0.009024339704122104	0.7079250348352563	0.830178803511324	-0.3174461868620854	-0.4336227056899424	-0.43912103034877586	1.2596801884470352	0.4483701898032848	1.1476249903734157
bunker	1.476796124675244	Pl.Poss.3Sg	C	5	6	TRUE	0.3695563811243048	0.4393458500991544	-0.009024339704122104	0.7079250348352563	0.830178803511324	-0.3174461868620854	-0.3660503852105195	-0.17826185132906647	-0.9979505042302497	0.4483701898032848	1.1476249903734157
farmer	1.984242209298364	Pl.Poss.3Pl	C	6	5	TRUE	1.6783249816660524	1.7041189567438315	1.5493177130649716	1.64257520131194	1.820925303598231	1.6247447009729654	-0.31921283714701476	-0.4012330532390626	-0.6994651832088665	0.15480124367886106	0.1961806026252617
fuser	-0.5905622036357516	Dat	C	2	6	TRUE	2.3732457127800015	1.5133929102553978	3.0839328890070528	1.6145292282877992	1.1162179562370063	2.536321514053581	-0.2774614553759155	-0.3906857246386013	NA	-1.5705399787516683	-1.4201035578165744
kadet	1.0549493807742008	Pl.Poss.3Sg	C	1	6	TRUE	2.36110488885739	1.8802564134333617	2.8242669752331517	1.6686132448989466	1.6977542568474873	2.2979929256397296	-0.3660503852105195	-0.17826185132906647	-0.9979505042302497	-0.9440105617998	-0.6002386687922439
klozet	0.06396436403742334	Ins	C	6	5	TRUE	3.3892947463664207	2.8867325963948014	3.983455086932854	3.3791696818876344	3.1284547405658683	4.178220485957636	0.0387951515658291	-0.18567474815799134	NA	-1.096722490538042	-1.0497657453917668
koffer	0.9596105383709403	Abl	C	1	6	TRUE	1.133986957218971	1.0491872103770599	1.503004027343311	1.497464821856713	1.37821131399058	1.729203189665714	-0.871239227086619	-0.9615131006768824	NA	-0.45381681696625265	-0.3509918756751347
korvett	0.3058136782559591	All	C	2	6	TRUE	-0.1891278300872781	-0.3026714307196712	NA	0.14632146455458608	-0.12293220385548136	NA	-0.359133664992004	-0.5272796117155265	NA	NA	NA
macesz	0.375579529103281	Ine	C	6	2	TRUE	2.689527758280804	2.627963858019542	3.5482644031300348	2.9628067897606996	2.6889126162425496	3.5604178673029145	0.6678142040557484	0.48128711825515536	NA	-0.9203005451104929	-0.8715052510603698
malter	0.6100893505755742	Ade	C	2	6	TRUE	3.6863291300798755	3.696530629589436	3.4032691387090326	3.8232012844687486	3.5663554892769227	3.4050478886486033	-0.07305699737370619	-0.2530423083853684	NA	0.293261490880397	0.1613076006283336
mutter	0.41434513085899255	Subl	C	3	6	TRUE	3.023097240355212	2.841230711042891	3.99721517432592	2.99328124589384	2.7081287065930097	3.804339791893953	0.4733699064456612	0.20293628635125044	NA	-1.1559844632830192	-1.0962110853009364
notesz	1.2106855490122028	Poss.3Pl	V	1	6	TRUE	0.6549311265381912	0.7938509205486918	0.9460785193667216	0.8671010431782441	1.3741669106170142	1.1044316142788237	1.2847635233137833	1.3034409700990126	2.62620257684233	-0.15222759881802972	0.26973529633819737
omlett	0.9301594617947097	Transl	C	1	6	TRUE	-2.7240493226723954	-1.6667932105474579	-3.1278597768282386	-2.896839945827541	-1.7602650632789125	-2.9387413831883342	-0.13129248127840795	-0.3613186238423797	NA	1.4610665662807918	1.1784763199094215
pajesz	0.19606017543000023	Ill	C	6	1	TRUE	3.8050999968259633	3.705888660074623	3.495479112485641	4.0571212039932805	3.4658304107860682	6.00143451557632	1.217385048670586	1.0318553022748764	NA	0.21040954758898067	-2.5356041047902522
roller	1.4284785179087636	Pl.Poss.3Sg	C	1	6	TRUE	0.16964076092092792	0.2396701425583425	-0.10487779396037022	-0.04772694050442396	0.08472019493102859	-0.19035307464966728	-0.3660503852105195	-0.17826185132906647	-0.9979505042302497	0.3445479365187083	0.27507326958068745
rubel	1.3648850069419438	Transl	C	1	6	TRUE	-1.3552367197931288	-1.3534973420314007	-0.4517738340519745	-0.778942677325193	-1.0637286596072673	0.712773639979225	-0.13129248127840795	-0.3613186238423797	NA	-0.9017235079794261	-1.7765022995864825
sakter	-0.02236047956875661	Ins	C	6	5	TRUE	2.078439925265252	2.491265498591943	1.8446688113160543	1.0468503489130512	2.0941984753798657	1.2766584661742808	0.0387951515658291	-0.18567474815799134	NA	0.6465966872758884	0.8175400092055867
saller	0.9310512982678172	Poss.3Sg	C	6	1	TRUE	2.074264575079264	2.057332120552014	NA	2.253952674451753	1.9722733813012319	NA	0.34265423359786434	0.449770007868573	-0.11457998858783418	NA	NA
samesz	0.4668618282549646	Poss.3Pl	V	6	2	TRUE	3.9202706038294055	3.0613510706105815	5.0481490567224965	3.6194250066736786	2.650969881848088	4.5280177673747755	1.2847635233137833	1.3034409700990126	2.62620257684233	-1.9867979861119096	-1.877047885526693
stukker	0.4972514689535526	All	C	1	6	TRUE	1.7799651525405087	1.7787676438352522	NA	1.8885704206723077	1.6071826469399213	NA	-0.359133664992004	-0.5272796117155265	NA	NA	NA
sumer	1.0545026216751352	Del	C	6	1	TRUE	3.9103556135154482	2.2313604258939503	4.654774183009057	2.9996666771687197	2.248718854542426	4.094491783711142	-0.2453854872081973	-0.4580533634530304	NA	-2.4234137571150995	-1.845772929168703
traverz	0.20689420194327868	All	C	1	6	TRUE	-0.020814344768471976	0.04840994712620063	0.42748329124035817	0.3127600676949535	0.2441666914419665	0.5427183775549669	-0.359133664992004	-0.5272796117155265	NA	-0.37907334411416116	-0.29855168611300087
tróger	0.7114537050098807	Del	C	2	6	TRUE	1.3396227344118834	1.3127390782597355	1.3637862315594174	0.45326406836508815	0.9643531028154795	0.805334745717331	-0.2453854872081973	-0.4580533634530304	NA	-0.05104715329967746	0.15901835709814804
valcer	0.3548168454722682	All	C	1	6	TRUE	0.4188022171623434	0.4292148947446125	NA	0.7290962723107519	0.44974247561466374	NA	-0.359133664992004	-0.5272796117155265	NA	NA	NA
zsakett	-0.03701015209889327	Dat	C	1	6	TRUE	0.6011074304118538	0.6788570403496649	0.35957866943481265	0.9162479410021662	1.044826649684016	0.4154227470722573	-0.2774614553759155	-0.3906857246386013	NA	0.31927837091485856	0.6294039026117559
zsakett	-0.03701015209889327	Subl	C	1	6	TRUE	0.6011074304118538	0.6788570403496649	0.35957866943481265	0.9162479410021662	1.044826649684016	0.4154227470722573	0.4733699064456612	0.20293628635125044	NA	0.31927837091485856	0.6294039026117559
bagger	-0.3035752853552389	Dat	C	1	5	TRUE	2.045151566346963	2.032697796417143	NA	2.14286260630888	1.8552510869341963	NA	-0.2774614553759155	-0.3906857246386013	NA	NA	NA
balek	1.18302479496678	Ine	C	5	2	TRUE	5.19400390862709	4.594366274077986	7.85212326911952	5.0114054131495704	4.29102959246572	8.044958839194248	0.6678142040557484	0.48128711825515536	NA	-3.2577569950415324	-3.753929246728532
flanel	0.35638106706207384	Ine	C	1	5	TRUE	1.6804832661958133	1.4561003812292692	3.403704400208321	1.8979846204087558	1.562115176757378	3.0448321728732366	0.6678142040557484	0.48128711825515536	NA	-1.9476040189790638	-1.4827169961158688
flanel	0.35638106706207384	Supe	V	1	5	TRUE	1.6804832661958133	1.4561003812292692	3.403704400208321	1.8979846204087558	1.562115176757378	3.0448321728732366	-0.668605230393597	NA	0.3784998623009394	-1.9476040189790638	-1.4827169961158688
flaszter	0.45065098390392183	Poss.3Sg	C	1	5	TRUE	1.947311558517949	1.9779811973450971	NA	2.2426099377849984	1.9611805068787838	NA	0.34265423359786434	0.449770007868573	-0.11457998858783418	NA	NA
kadet	1.0549493807742008	Acc	V	4	5	TRUE	2.36110488885739	1.8802564134333617	2.8242669752331517	1.6686132448989466	1.6977542568474873	2.2979929256397296	-0.29383043118284424	NA	0.1555929746945892	-0.9440105617998	-0.6002386687922439
karcer	-0.6005464245423525	Ins	C	2	5	TRUE	0.8947823979164607	0.8841749008409597	NA	1.9183786522162123	1.6365264599071214	NA	0.0387951515658291	-0.18567474815799134	NA	NA	NA
klozet	0.06396436403742334	All	C	1	5	TRUE	3.3892947463664207	2.8867325963948014	3.983455086932854	3.3791696818876344	3.1284547405658683	4.178220485957636	-0.359133664992004	-0.5272796117155265	NA	-1.096722490538042	-1.0497657453917668
koffer	0.9596105383709403	Poss.3Pl	C	1	5	TRUE	1.133986957218971	1.0491872103770599	1.503004027343311	1.497464821856713	1.37821131399058	1.729203189665714	1.2847635233137833	1.3034409700990126	2.62620257684233	-0.45381681696625265	-0.3509918756751347
kóter	-0.0567670438663156	Ins	C	2	5	TRUE	1.786638306823474	1.7705085646801801	NA	2.6380971300100122	2.3565303815000704	NA	0.0387951515658291	-0.18567474815799134	NA	NA	NA
malter	0.6100893505755742	Supe	V	5	3	TRUE	3.6863291300798755	3.696530629589436	3.4032691387090326	3.8232012844687486	3.5663554892769227	3.4050478886486033	-0.668605230393597	NA	0.3784998623009394	0.293261490880397	0.1613076006283336
moped	0.9109327535484344	Pl.Poss.1Pl	C	1	5	TRUE	-1.4248393570995521	-0.640378387465916	-2.579802091049285	-1.4634615395653348	-0.6167007954827671	-2.3929511470776084	-0.4336227056899424	-0.43912103034877586	1.2596801884470352	1.9394237035833726	1.7762503515948396
muter	0.5004649093036383	Ill	C	5	1	TRUE	4.37957714844916	4.255595165573606	4.404811342033169	4.513383626914129	4.069982439603134	5.773368990496519	1.217385048670586	1.0318553022748764	NA	-0.14921617645956076	-1.7033865508933843
mutter	0.41434513085899255	All	C	5	4	TRUE	3.023097240355212	2.841230711042891	3.99721517432592	2.99328124589384	2.7081287065930097	3.804339791893953	-0.359133664992004	-0.5272796117155265	NA	-1.1559844632830192	-1.0962110853009364
mutter	0.41434513085899255	Pl	V	5	4	TRUE	3.023097240355212	2.841230711042891	3.99721517432592	2.99328124589384	2.7081287065930097	3.804339791893953	-1.3950395672621765	NA	-0.6092984900084293	-1.1559844632830192	-1.0962110853009364
partner	3.170887565855278	Poss.3Pl	C	1	5	TRUE	-4.237640573949965	-2.6397879938328885	-5.5093527786781475	-4.2387020640889626	-2.88340224090286	-4.934728979308532	1.2847635233137833	1.3034409700990126	2.62620257684233	2.8695647848452666	2.0513267384056775
sakter	-0.02236047956875661	All	C	3	5	TRUE	2.078439925265252	2.491265498591943	1.8446688113160543	1.0468503489130512	2.0941984753798657	1.2766584661742808	-0.359133664992004	-0.5272796117155265	NA	0.6465966872758884	0.8175400092055867
sakter	-0.02236047956875661	Ade	C	5	2	TRUE	2.078439925265252	2.491265498591943	1.8446688113160543	1.0468503489130512	2.0941984753798657	1.2766584661742808	-0.07305699737370619	-0.2530423083853684	NA	0.6465966872758884	0.8175400092055867
saller	0.9310512982678172	All	C	1	5	TRUE	2.074264575079264	2.057332120552014	NA	2.253952674451753	1.9722733813012319	NA	-0.359133664992004	-0.5272796117155265	NA	NA	NA
stukker	0.4972514689535526	Ill	C	1	5	TRUE	1.7799651525405087	1.7787676438352522	NA	1.8885704206723077	1.6071826469399213	NA	1.217385048670586	1.0318553022748764	NA	NA	NA
szkander	0.6195616634977026	Del	C	1	5	TRUE	1.0873298060493601	1.0817145893394877	NA	1.680218147918616	1.3989490457637754	NA	-0.2453854872081973	-0.4580533634530304	NA	NA	NA
sábesz	-0.06082861170966497	Dat	C	3	5	TRUE	-0.20166869556368902	-0.13782643824694835	NA	0.2344689940951661	-0.040971229238105374	NA	-0.2774614553759155	-0.3906857246386013	NA	NA	NA
valcer	0.3548168454722682	Poss.3Sg	C	1	5	TRUE	0.4188022171623434	0.4292148947446125	NA	0.7290962723107519	0.44974247561466374	NA	0.34265423359786434	0.449770007868573	-0.11457998858783418	NA	NA
bakter	0.716349974254184	Poss.1Pl	V	2	4	TRUE	3.119293519794611	2.5185969103269454	6.014651569601758	2.8314809212221133	2.2087704958796657	5.602553281365721	0.15310165641401538	NA	1.2295600722356197	-3.4960546592748045	-3.393782785486053
barchesz	-0.3914056405113769	Ela	C	2	4	TRUE	2.237829923683918	2.1575895265545615	NA	2.3277926936928166	2.0360256012696984	NA	0.33031806042080036	0.18036767800177328	NA	NA	NA
brojler	0.31596873103774975	Ade	C	1	4	TRUE	1.076633820062956	1.0298475367572677	NA	1.0452159923137379	0.7805748424363109	NA	-0.07305699737370619	-0.2530423083853684	NA	NA	NA
bukfenc	1.0306613020268856	Poss.3Pl	V	1	4	TRUE	-3.521029447198864	NA	-3.1781781202910775	-3.7316083956007606	NA	-2.973722620245886	1.2847635233137833	1.3034409700990126	2.62620257684233	NA	NA
fráter	1.1826921806578794	Ade	C	1	4	TRUE	-0.04314583262104413	0.10254600846284118	-0.9421173302902134	-0.5815050824962534	-0.19031433574358594	-1.4979969406919798	-0.07305699737370619	-0.2530423083853684	NA	1.044663338753054	1.307682604948397
kadet	1.0549493807742008	Ela	C	1	4	TRUE	2.36110488885739	1.8802564134333617	2.8242669752331517	1.6686132448989466	1.6977542568474873	2.2979929256397296	0.33031806042080036	0.18036767800177328	NA	-0.9440105617998	-0.6002386687922439
kadet	1.0549493807742008	Dat	C	4	4	TRUE	2.36110488885739	1.8802564134333617	2.8242669752331517	1.6686132448989466	1.6977542568474873	2.2979929256397296	-0.2774614553759155	-0.3906857246386013	NA	-0.9440105617998	-0.6002386687922439
kampec	0.3634609097484384	Subl	C	2	4	TRUE	1.3331573993730779	1.3368609057982497	NA	1.7320313286737345	1.4475393484551675	NA	0.4733699064456612	0.20293628635125044	NA	NA	NA
kopek	0.13371366596503742	Pl	V	1	4	TRUE	0.9245469922653405	0.7859829255631626	1.40692869546813	0.9927659614323369	1.0673464748721766	1.5655672075671405	-1.3950395672621765	NA	-0.6092984900084293	-0.6209457699049636	-0.4982207326949606
kupec	0.4459578141554795	Poss.3Sg	V	3	4	TRUE	1.3007474188318735	0.10650117359579525	1.851217510017771	0.4514254079465868	-0.3519515178433392	1.420202796489908	0.34265423359786434	0.449770007868573	-0.11457998858783418	-1.7447163364219733	-1.7721543143332354
káder	1.0191292004490349	Ill	C	4	3	TRUE	-0.3632533101782332	0.7598828190848108	-2.192486454955027	-1.4669470279381294	0.4276283695770943	-2.7543646771308574	1.217385048670586	1.0318553022748764	NA	2.952369274039839	3.1819930467079445
malter	0.6100893505755742	Pl	V	2	4	TRUE	3.6863291300798755	3.696530629589436	3.4032691387090326	3.8232012844687486	3.5663554892769227	3.4050478886486033	-1.3950395672621765	NA	-0.6092984900084293	0.293261490880397	0.1613076006283336
malter	0.6100893505755742	Transl	C	4	1	TRUE	3.6863291300798755	3.696530629589436	3.4032691387090326	3.8232012844687486	3.5663554892769227	3.4050478886486033	-0.13129248127840795	-0.3613186238423797	NA	0.293261490880397	0.1613076006283336
mutter	0.41434513085899255	Ade	C	3	4	TRUE	3.023097240355212	2.841230711042891	3.99721517432592	2.99328124589384	2.7081287065930097	3.804339791893953	-0.07305699737370619	-0.2530423083853684	NA	-1.1559844632830192	-1.0962110853009364
mutter	0.41434513085899255	Supe	V	4	2	TRUE	3.023097240355212	2.841230711042891	3.99721517432592	2.99328124589384	2.7081287065930097	3.804339791893953	-0.668605230393597	NA	0.3784998623009394	-1.1559844632830192	-1.0962110853009364
pajesz	0.19606017543000023	All	C	4	4	TRUE	3.8050999968259633	3.705888660074623	3.495479112485641	4.0571212039932805	3.4658304107860682	6.00143451557632	-0.359133664992004	-0.5272796117155265	NA	0.21040954758898067	-2.5356041047902522
pajesz	0.19606017543000023	Del	C	4	1	TRUE	3.8050999968259633	3.705888660074623	3.495479112485641	4.0571212039932805	3.4658304107860682	6.00143451557632	-0.2453854872081973	-0.4580533634530304	NA	0.21040954758898067	-2.5356041047902522
poszter	1.7624880360068378	Poss.3Sg	C	4	1	TRUE	-2.5545974228663604	-2.1518029068387117	-3.230324375092584	-3.13694212077343	-2.2935237887373456	-3.3791508765116385	0.34265423359786434	0.449770007868573	-0.11457998858783418	1.078521468253868	1.0856270877742986
saller	0.9310512982678172	Ine	C	4	3	TRUE	2.074264575079264	2.057332120552014	NA	2.253952674451753	1.9722733813012319	NA	0.6678142040557484	0.48128711825515536	NA	NA	NA
sóder	0.9842054240536064	Poss.1Pl	V	1	4	TRUE	1.1364217071680507	1.1017094199883335	1.4647855863902324	1.4102110443861198	1.16143557238133	1.9332398204525754	0.15310165641401538	NA	1.2295600722356197	-0.3630761664018962	-0.7718042480712342
traverz	0.20689420194327868	Del	C	2	4	TRUE	-0.020814344768471976	0.04840994712620063	0.42748329124035817	0.3127600676949535	0.2441666914419665	0.5427183775549669	-0.2453854872081973	-0.4580533634530304	NA	-0.37907334411416116	-0.29855168611300087
bagger	-0.3035752853552389	Subl	C	3	2	TRUE	2.045151566346963	2.032697796417143	NA	2.14286260630888	1.8552510869341963	NA	0.4733699064456612	0.20293628635125044	NA	NA	NA
bankett	1.09656121596579	Pl.Poss.1Pl	C	1	3	TRUE	-0.397359030637319	-0.15976232776145105	-1.0694785181347308	-0.2875541442777983	-0.1624597875545382	-0.8768749697527036	-0.4336227056899424	-0.43912103034877586	1.2596801884470352	0.909716190373274	0.7144151821981666
bankett	1.09656121596579	Ade	C	1	3	TRUE	-0.397359030637319	-0.15976232776145105	-1.0694785181347308	-0.2875541442777983	-0.1624597875545382	-0.8768749697527036	-0.07305699737370619	-0.2530423083853684	NA	0.909716190373274	0.7144151821981666
barchesz	-0.3914056405113769	Dat	C	3	2	TRUE	2.237829923683918	2.1575895265545615	NA	2.3277926936928166	2.0360256012696984	NA	-0.2774614553759155	-0.3906857246386013	NA	NA	NA
brúder	-0.7931057980567213	Dat	C	1	3	TRUE	1.983944944633163	1.8879971427181523	NA	1.7436702177363534	1.4555641637145402	NA	-0.2774614553759155	-0.3906857246386013	NA	NA	NA
charter	1.0574427740273058	Poss.3Pl	V	1	3	TRUE	-1.858024888145967	-2.1115042454399733	-0.25070331244806054	-1.6848320012890121	-2.2510619279859108	2.135983266716258	1.2847635233137833	1.3034409700990126	2.62620257684233	-1.860800932991907	-4.387045194702168
fotel	1.918034842594317	Pl.Poss.3Pl	C	1	3	TRUE	1.4314877837785018	1.345735794516804	1.9904706343461613	1.868852526897838	1.7632267152327532	1.8069164582978572	-0.31921283714701476	-0.4012330532390626	-0.6994651832088665	-0.6447348398293684	-0.04368974306511575
gatyesz	-0.5866319100073193	Ine	C	3	2	TRUE	2.905514975734016	2.8518185586416767	NA	3.108218818754272	2.802139464569862	NA	0.6678142040557484	0.48128711825515536	NA	NA	NA
gatyesz	-0.5866319100073193	All	C	3	1	TRUE	2.905514975734016	2.8518185586416767	NA	3.108218818754272	2.802139464569862	NA	-0.359133664992004	-0.5272796117155265	NA	NA	NA
jampec	0.15123380228128092	Transl	C	2	3	TRUE	3.4369665276454686	2.5367315489898026	3.6118928652893967	2.256263713858216	2.160921244204303	3.083319671113543	-0.13129248127840795	-0.3613186238423797	NA	-1.0751613162995852	-0.9223984269092398
jampec	0.15123380228128092	Pl.Poss.3Sg	V	2	3	TRUE	3.4369665276454686	2.5367315489898026	3.6118928652893967	2.256263713858216	2.160921244204303	3.083319671113543	-0.3660503852105195	-0.17826185132906647	-0.9979505042302497	-1.0751613162995852	-0.9223984269092398
kampec	0.3634609097484384	Ine	C	1	3	TRUE	1.3331573993730779	1.3368609057982497	NA	1.7320313286737345	1.4475393484551675	NA	0.6678142040557484	0.48128711825515536	NA	NA	NA
klapec	-0.937349689860408	Acc	V	3	2	TRUE	2.929378175394108	2.0430032167466146	3.46226666820054	2.69530763952506	1.7092760579704405	3.6452521992197258	-0.29383043118284424	NA	0.1555929746945892	-1.4192634514539293	-1.9359761412492844
klozet	0.06396436403742334	Poss.3Sg	C	3	2	TRUE	3.3892947463664207	2.8867325963948014	3.983455086932854	3.3791696818876344	3.1284547405658683	4.178220485957636	0.34265423359786434	0.449770007868573	-0.11457998858783418	-1.096722490538042	-1.0497657453917668
klozet	0.06396436403742334	Ade	C	2	3	TRUE	3.3892947463664207	2.8867325963948014	3.983455086932854	3.3791696818876344	3.1284547405658683	4.178220485957636	-0.07305699737370619	-0.2530423083853684	NA	-1.096722490538042	-1.0497657453917668
klozet	0.06396436403742334	Transl	C	3	1	TRUE	3.3892947463664207	2.8867325963948014	3.983455086932854	3.3791696818876344	3.1284547405658683	4.178220485957636	-0.13129248127840795	-0.3613186238423797	NA	-1.096722490538042	-1.0497657453917668
krapek	0.2858131136537797	Ela	C	3	2	TRUE	4.819766464867598	4.038693666681293	7.026665598959007	4.642201670630355	3.6891508537739117	7.225533422368672	0.33031806042080036	0.18036767800177328	NA	-2.9879719322777163	-3.5363825685947603
kóter	-0.0567670438663156	Dat	C	3	2	TRUE	1.786638306823474	1.7705085646801801	NA	2.6380971300100122	2.3565303815000704	NA	-0.2774614553759155	-0.3906857246386013	NA	NA	NA
lasztex	-0.946213150191713	Subl	C	1	3	TRUE	0.8545640826643897	0.8858210034132661	NA	1.2700429715063946	0.9970576036952945	NA	0.4733699064456612	0.20293628635125044	NA	NA	NA
lumpen	0.38214543272564394	Poss.3Sg	C	1	3	TRUE	0.9615884104813442	0.6901747620439392	NA	1.2700429715063946	0.9970576036952945	NA	0.34265423359786434	0.449770007868573	-0.11457998858783418	NA	NA
lóden	-0.5619170221862215	Ill	C	2	3	TRUE	1.0704240074169928	1.0540236979597266	NA	1.883704175728511	1.5994132187807255	NA	1.217385048670586	1.0318553022748764	NA	NA	NA
macesz	0.375579529103281	Ade	C	1	3	TRUE	2.689527758280804	2.627963858019542	3.5482644031300348	2.9628067897606996	2.6889126162425496	3.5604178673029145	-0.07305699737370619	-0.2530423083853684	NA	-0.9203005451104929	-0.8715052510603698
macesz	0.375579529103281	Supe	V	3	2	TRUE	2.689527758280804	2.627963858019542	3.5482644031300348	2.9628067897606996	2.6889126162425496	3.5604178673029145	-0.668605230393597	NA	0.3784998623009394	-0.9203005451104929	-0.8715052510603698
majszter	-0.796264317301551	Dat	C	1	3	TRUE	1.4655343832189922	1.3511450454406861	NA	1.2700429715063946	0.9970576036952945	NA	-0.2774614553759155	-0.3906857246386013	NA	NA	NA
motel	1.2119005338291844	Poss.1Sg	V	1	3	TRUE	0.4885191599939788	0.48150674720229697	0.2791874383205992	0.947372344850152	0.9097368465291231	0.14084008671565149	0.7438144784588202	NA	1.5973279087968308	0.20231930888169813	0.7688967598134724
motel	1.2119005338291844	Poss.3Pl	C	3	1	TRUE	0.4885191599939788	0.48150674720229697	0.2791874383205992	0.947372344850152	0.9097368465291231	0.14084008671565149	1.2847635233137833	1.3034409700990126	2.62620257684233	0.20231930888169813	0.7688967598134724
mutter	0.41434513085899255	Ela	C	1	3	TRUE	3.023097240355212	2.841230711042891	3.99721517432592	2.99328124589384	2.7081287065930097	3.804339791893953	0.33031806042080036	0.18036767800177328	NA	-1.1559844632830192	-1.0962110853009364
pajesz	0.19606017543000023	Ine	C	3	2	TRUE	3.8050999968259633	3.705888660074623	3.495479112485641	4.0571212039932805	3.4658304107860682	6.00143451557632	0.6678142040557484	0.48128711825515536	NA	0.21040954758898067	-2.5356041047902522
panel	2.4164305848960708	Poss.2Pl	V	1	3	TRUE	1.2962506675275407	1.3510573303496098	1.0490957184757776	1.060211173155013	1.4982037187111807	0.9850695221411259	0.730639710204915	NA	1.529836365380866	0.3019616118738213	0.51313419657005
parkett	1.1773690982060443	Ade	C	3	3	TRUE	-0.5655949854887071	-0.30994612260019166	-1.0774818163143118	-0.6176946694168769	-0.19433755901866664	-0.6900134144769373	-0.07305699737370619	-0.2530423083853684	NA	0.7675356937141231	0.4956758554582734
suszter	0.9044772870280368	Ine	C	1	3	TRUE	1.7065256580712955	1.6806756508554404	0.018182008595250782	1.5640360980471586	1.294966948824483	1.1754414396373363	0.6678142040557484	0.48128711825515536	NA	1.6624936422601877	0.11952550918714167
sólet	0.5795661084462529	Poss.3Pl	C	1	3	TRUE	-0.12418061673030224	-0.12173024005054263	0.19314938686269686	0.002196849407772516	0.06898960502339116	0.39306869079442236	1.2847635233137833	1.3034409700990126	2.62620257684233	-0.314879626913239	-0.3240790857710323
tróger	0.7114537050098807	Supe	V	1	3	TRUE	1.3396227344118834	1.3127390782597355	1.3637862315594174	0.45326406836508815	0.9643531028154795	0.805334745717331	-0.668605230393597	NA	0.3784998623009394	-0.05104715329967746	0.15901835709814804
zacsek	-0.3396988174375006	Poss.3Sg	C	3	1	TRUE	3.6244971456701296	2.9106480846070695	5.246862817605292	3.9210196163991964	3.4065910681601856	5.274090178346253	0.34265423359786434	0.449770007868573	-0.11457998858783418	-2.336214732998215	-1.867499110186074
zacsek	-0.3396988174375006	Subl	C	3	3	TRUE	3.6244971456701296	2.9106480846070695	5.246862817605292	3.9210196163991964	3.4065910681601856	5.274090178346253	0.4733699064456612	0.20293628635125044	NA	-2.336214732998215	-1.867499110186074
ámen	0.8284166730406731	All	C	1	3	TRUE	1.5314063602969141	1.4570759935346762	NA	1.2700429715063946	0.9970576036952945	NA	-0.359133664992004	-0.5272796117155265	NA	NA	NA
bagger	-0.3035752853552389	Ins	C	2	2	TRUE	2.045151566346963	2.032697796417143	NA	2.14286260630888	1.8552510869341963	NA	0.0387951515658291	-0.18567474815799134	NA	NA	NA
bakter	0.716349974254184	Poss.2Sg	V	2	2	TRUE	3.119293519794611	2.5185969103269454	6.014651569601758	2.8314809212221133	2.2087704958796657	5.602553281365721	0.3537450289204624	NA	1.2067254700130272	-3.4960546592748045	-3.393782785486053
balett	2.009241501756081	Poss.2Sg	V	2	1	TRUE	0.9812276996892723	0.9396377843711519	1.2998800241934645	1.0119635103266111	0.9490038959985841	1.4466269176441322	0.3537450289204624	NA	1.2067254700130272	-0.3602422398223126	-0.49762302164555194
bróker	1.509573270037965	Ill	C	1	2	TRUE	-2.286505028326589	-2.2134181421107044	-2.394397333273504	-2.9543981347909236	-2.5127452563226202	-2.9587112259630115	1.217385048670586	1.0318553022748764	NA	0.18097919116280536	0.4459659696403975
codec	0.7403125553016779	Abl	C	1	2	TRUE	2.223808675803712	2.0577777004588826	NA	1.5702887804760228	1.2841693778524899	NA	-0.871239227086619	-0.9615131006768824	NA	NA	NA
dózer	0.4877957350906076	Ade	C	1	2	TRUE	1.7536837527318527	1.7838248339167528	NA	1.884704252027322	1.6033436026008723	NA	-0.07305699737370619	-0.2530423083853684	NA	NA	NA
falzett	-0.16139740357670246	Dat	C	1	2	TRUE	0.3487199597047354	0.3178422416164411	0.5245294756585681	0.776371342732942	0.7702390032479395	0.459686892472368	-0.2774614553759155	-0.3906857246386013	NA	-0.2066872340421213	0.3105521107755749
fotel	1.918034842594317	Pl.Poss.1Sg	C	1	2	TRUE	1.4314877837785018	1.345735794516804	1.9904706343461613	1.868852526897838	1.7632267152327532	1.8069164582978572	0.6131297192077504	0.8444837952938684	-6.133683343026464	-0.6447348398293684	-0.04368974306511575
gukker	-0.35205990878233856	Abl	C	1	2	TRUE	1.6398450295142983	1.6466716313634777	NA	1.804875780866507	1.5223625255749833	NA	-0.871239227086619	-0.9615131006768824	NA	NA	NA
haver	2.2866022611361054	Acc	V	2	1	TRUE	7.858040315490662	6.51741962550768	8.80008836561386	7.329312325716447	6.429911701261939	8.824082393405913	-0.29383043118284424	NA	0.1555929746945892	-2.2826687401061747	-2.394170692143973
haver	2.2866022611361054	Poss.3Pl	V	1	2	TRUE	7.858040315490662	6.51741962550768	8.80008836561386	7.329312325716447	6.429911701261939	8.824082393405913	1.2847635233137833	1.3034409700990126	2.62620257684233	-2.2826687401061747	-2.394170692143973
kampec	0.3634609097484384	Dat	C	1	2	TRUE	1.3331573993730779	1.3368609057982497	NA	1.7320313286737345	1.4475393484551675	NA	-0.2774614553759155	-0.3906857246386013	NA	NA	NA
karter	0.13926501315555695	Poss.3Sg	C	1	2	TRUE	1.290083420779366	1.2713194507612067	NA	2.0520311456134883	1.7705532074882335	NA	0.34265423359786434	0.449770007868573	-0.11457998858783418	NA	NA
klozet	0.06396436403742334	Abl	C	2	1	TRUE	3.3892947463664207	2.8867325963948014	3.983455086932854	3.3791696818876344	3.1284547405658683	4.178220485957636	-0.871239227086619	-0.9615131006768824	NA	-1.096722490538042	-1.0497657453917668
klozet	0.06396436403742334	Poss.1Pl	V	1	2	TRUE	3.3892947463664207	2.8867325963948014	3.983455086932854	3.3791696818876344	3.1284547405658683	4.178220485957636	0.15310165641401538	NA	1.2295600722356197	-1.096722490538042	-1.0497657453917668
luesz	-0.5402879311982921	Subl	C	1	2	TRUE	1.1636116570766057	1.1795041444197556	NA	1.5702887804760228	1.2841693778524899	NA	0.4733699064456612	0.20293628635125044	NA	NA	NA
macesz	0.375579529103281	Poss.3Sg	V	1	2	TRUE	2.689527758280804	2.627963858019542	3.5482644031300348	2.9628067897606996	2.6889126162425496	3.5604178673029145	0.34265423359786434	0.449770007868573	-0.11457998858783418	-0.9203005451104929	-0.8715052510603698
macesz	0.375579529103281	Pl	V	2	1	TRUE	2.689527758280804	2.627963858019542	3.5482644031300348	2.9628067897606996	2.6889126162425496	3.5604178673029145	-1.3950395672621765	NA	-0.6092984900084293	-0.9203005451104929	-0.8715052510603698
mutter	0.41434513085899255	Poss.3Pl	C	2	1	TRUE	3.023097240355212	2.841230711042891	3.99721517432592	2.99328124589384	2.7081287065930097	3.804339791893953	1.2847635233137833	1.3034409700990126	2.62620257684233	-1.1559844632830192	-1.0962110853009364
okker	0.6295458844043035	Poss.3Sg	C	1	2	TRUE	0.3728555253230692	0.43510418341852763	-0.2251214958907451	0.3804458442510932	0.4639988224573867	-0.6837106588302552	0.34265423359786434	0.449770007868573	-0.11457998858783418	0.6602256793092778	1.1477094812876345
pajesz	0.19606017543000023	Subl	C	1	2	TRUE	3.8050999968259633	3.705888660074623	3.495479112485641	4.0571212039932805	3.4658304107860682	6.00143451557632	0.4733699064456612	0.20293628635125044	NA	0.21040954758898067	-2.5356041047902522
parszek	-0.2499378462191083	Ill	C	2	2	TRUE	-0.2104437551890768	-0.14798487826204398	NA	0.27548418863300933	-7.329816120314155e-4	NA	1.217385048670586	1.0318553022748764	NA	NA	NA
puffer	1.3898337365494366	Pl.Poss.3Sg	C	2	1	TRUE	-0.4907603713473192	-0.5107956742089658	-0.41943383383116445	-0.13657735616574268	-0.1995004000706003	-0.48218675701443053	-0.3660503852105195	-0.17826185132906647	-0.9979505042302497	-0.09136184037780026	0.2826863569438274
puffer	1.3898337365494366	Poss.3Pl	C	1	2	TRUE	-0.4907603713473192	-0.5107956742089658	-0.41943383383116445	-0.13657735616574268	-0.1995004000706003	-0.48218675701443053	1.2847635233137833	1.3034409700990126	2.62620257684233	-0.09136184037780026	0.2826863569438274
páter	1.0617720601296703	Ill	C	1	2	TRUE	-0.094616498334511	0.02471155194523427	-1.0682021314884567	-0.5563519580692081	-0.30700821751673757	-1.617448022553488	1.217385048670586	1.0318553022748764	NA	1.092913683433693	1.3104398050367507
roller	1.4284785179087636	Poss.3Pl	C	1	2	TRUE	0.16964076092092792	0.2396701425583425	-0.10487779396037022	-0.04772694050442396	0.08472019493102859	-0.19035307464966728	1.2847635233137833	1.3034409700990126	2.62620257684233	0.3445479365187083	0.27507326958068745
samesz	0.4668618282549646	Poss.1Pl	V	2	2	TRUE	3.9202706038294055	3.0613510706105815	5.0481490567224965	3.6194250066736786	2.650969881848088	4.5280177673747755	0.15310165641401538	NA	1.2295600722356197	-1.9867979861119096	-1.877047885526693
sparherd	-0.27211940645408866	Dat	C	1	2	TRUE	0.7718613802513418	0.7708595674237161	NA	1.5412510869215423	1.2597312415342012	NA	-0.2774614553759155	-0.3906857246386013	NA	NA	NA
sumer	1.0545026216751352	Pl.Poss.3Sg	C	2	1	TRUE	3.9103556135154482	2.2313604258939503	4.654774183009057	2.9996666771687197	2.248718854542426	4.094491783711142	-0.3660503852105195	-0.17826185132906647	-0.9979505042302497	-2.4234137571150995	-1.845772929168703
suszter	0.9044772870280368	Ill	C	1	2	TRUE	1.7065256580712955	1.6806756508554404	0.018182008595250782	1.5640360980471586	1.294966948824483	1.1754414396373363	1.217385048670586	1.0318553022748764	NA	1.6624936422601877	0.11952550918714167
sólet	0.5795661084462529	Transl	C	1	2	TRUE	-0.12418061673030224	-0.12173024005054263	0.19314938686269686	0.002196849407772516	0.06898960502339116	0.39306869079442236	-0.13129248127840795	-0.3613186238423797	NA	-0.314879626913239	-0.3240790857710323
tróger	0.7114537050098807	Poss.3Sg	C	2	2	TRUE	1.3396227344118834	1.3127390782597355	1.3637862315594174	0.45326406836508815	0.9643531028154795	0.805334745717331	0.34265423359786434	0.449770007868573	-0.11457998858783418	-0.05104715329967746	0.15901835709814804
vamzer	-0.22033518283074652	Ins	C	2	2	TRUE	1.0629962262700383	1.249087913606784	0.550938373709423	0.2652026734018032	0.8406787590870837	0.003875029185503988	0.0387951515658291	-0.18567474815799134	NA	0.6981495398973578	0.8368037299015754
zacsek	-0.3396988174375006	Pl	V	2	1	TRUE	3.6244971456701296	2.9106480846070695	5.246862817605292	3.9210196163991964	3.4065910681601856	5.274090178346253	-1.3950395672621765	NA	-0.6092984900084293	-2.336214732998215	-1.867499110186074
ájer	-0.2655319315680039	Dat	C	1	2	TRUE	1.040714145595206	1.0136483709389403	NA	1.6098107000337403	1.3281556259576042	NA	-0.2774614553759155	-0.3906857246386013	NA	NA	NA
bakter	0.716349974254184	Poss.3Sg	V	1	1	TRUE	3.119293519794611	2.5185969103269454	6.014651569601758	2.8314809212221133	2.2087704958796657	5.602553281365721	0.34265423359786434	0.449770007868573	-0.11457998858783418	-3.4960546592748045	-3.393782785486053
brúder	-0.7931057980567213	All	C	1	1	TRUE	1.983944944633163	1.8879971427181523	NA	1.7436702177363534	1.4555641637145402	NA	-0.359133664992004	-0.5272796117155265	NA	NA	NA
drukker	1.599349006057054	Poss.3Sg	C	1	1	TRUE	-2.4562286593819582	-1.151812998292156	-3.067532656447431	-3.679238732866685	-1.5683133037763932	-3.5855037684676825	0.34265423359786434	0.449770007868573	-0.11457998858783418	1.9157196581552682	2.0171904646912964
kadet	1.0549493807742008	Supe	V	1	1	TRUE	2.36110488885739	1.8802564134333617	2.8242669752331517	1.6686132448989466	1.6977542568474873	2.2979929256397296	-0.668605230393597	NA	0.3784998623009394	-0.9440105617998	-0.6002386687922439
kadet	1.0549493807742008	Poss.1Pl	V	1	1	TRUE	2.36110488885739	1.8802564134333617	2.8242669752331517	1.6686132448989466	1.6977542568474873	2.2979929256397296	0.15310165641401538	NA	1.2295600722356197	-0.9440105617998	-0.6002386687922439
klapec	-0.937349689860408	Dat	C	1	1	TRUE	2.929378175394108	2.0430032167466146	3.46226666820054	2.69530763952506	1.7092760579704405	3.6452521992197258	-0.2774614553759155	-0.3906857246386013	NA	-1.4192634514539293	-1.9359761412492844
koffer	0.9596105383709403	Pl.Poss.1Pl	C	1	1	TRUE	1.133986957218971	1.0491872103770599	1.503004027343311	1.497464821856713	1.37821131399058	1.729203189665714	-0.4336227056899424	-0.43912103034877586	1.2596801884470352	-0.45381681696625265	-0.3509918756751347
kopek	0.13371366596503742	Poss.3Sg	C	1	1	TRUE	0.9245469922653405	0.7859829255631626	1.40692869546813	0.9927659614323369	1.0673464748721766	1.5655672075671405	0.34265423359786434	0.449770007868573	-0.11457998858783418	-0.6209457699049636	-0.4982207326949606
kopek	0.13371366596503742	Abl	C	1	1	TRUE	0.9245469922653405	0.7859829255631626	1.40692869546813	0.9927659614323369	1.0673464748721766	1.5655672075671405	-0.871239227086619	-0.9615131006768824	NA	-0.6209457699049636	-0.4982207326949606
korner	0.5218599755505524	Poss.3Sg	C	1	1	TRUE	0.3258427149797633	0.3652129997484509	NA	0.6480945600539272	0.367577861104901	NA	0.34265423359786434	0.449770007868573	-0.11457998858783418	NA	NA
krapek	0.2858131136537797	Poss.1Pl	V	1	1	TRUE	4.819766464867598	4.038693666681293	7.026665598959007	4.642201670630355	3.6891508537739117	7.225533422368672	0.15310165641401538	NA	1.2295600722356197	-2.9879719322777163	-3.5363825685947603
kóter	-0.0567670438663156	Subl	C	1	1	TRUE	1.786638306823474	1.7705085646801801	NA	2.6380971300100122	2.3565303815000704	NA	0.4733699064456612	0.20293628635125044	NA	NA	NA
lornyett	-1.2427888044294442	Ins	C	1	1	TRUE	1.9608418251172381	1.8967986239687298	NA	2.0211854138833316	1.7092760579704405	NA	0.0387951515658291	-0.18567474815799134	NA	NA	NA
mater	1.2873847479934366	Acc	V	1	1	TRUE	0.1087594269527214	0.07199047178176739	3.3253531421055604	0.4932616758310194	0.19681708334620732	2.5958786943453727	-0.29383043118284424	NA	0.1555929746945892	-3.2533626703237815	-2.399061610999169
pajesz	0.19606017543000023	Abl	C	1	1	TRUE	3.8050999968259633	3.705888660074623	3.495479112485641	4.0571212039932805	3.4658304107860682	6.00143451557632	-0.871239227086619	-0.9615131006768824	NA	0.21040954758898067	-2.5356041047902522
partner	3.170887565855278	Pl.Poss.1Sg	C	1	1	TRUE	-4.237640573949965	-2.6397879938328885	-5.5093527786781475	-4.2387020640889626	-2.88340224090286	-4.934728979308532	0.6131297192077504	0.8444837952938684	-6.133683343026464	2.8695647848452666	2.0513267384056775
póker	1.4147938326074063	Poss.3Sg	C	1	1	TRUE	-1.6631837528426583	-1.6640637821295017	NA	-1.3138305390485998	-1.593756799268689	NA	0.34265423359786434	0.449770007868573	-0.11457998858783418	NA	NA
saller	0.9310512982678172	Pl.Poss.3Sg	C	1	1	TRUE	2.074264575079264	2.057332120552014	NA	2.253952674451753	1.9722733813012319	NA	-0.3660503852105195	-0.17826185132906647	-0.9979505042302497	NA	NA
samesz	0.4668618282549646	Ela	C	1	1	TRUE	3.9202706038294055	3.0613510706105815	5.0481490567224965	3.6194250066736786	2.650969881848088	4.5280177673747755	0.33031806042080036	0.18036767800177328	NA	-1.9867979861119096	-1.877047885526693
samesz	0.4668618282549646	Ade	C	1	1	TRUE	3.9202706038294055	3.0613510706105815	5.0481490567224965	3.6194250066736786	2.650969881848088	4.5280177673747755	-0.07305699737370619	-0.2530423083853684	NA	-1.9867979861119096	-1.877047885526693
subler	-0.6681670614484213	Del	C	1	1	TRUE	0.7499829294859521	0.7739774139287557	NA	0.811403569576884	0.5331346336928465	NA	-0.2453854872081973	-0.4580533634530304	NA	NA	NA
sábesz	-0.06082861170966497	All	C	1	1	TRUE	-0.20166869556368902	-0.13782643824694835	NA	0.2344689940951661	-0.040971229238105374	NA	-0.359133664992004	-0.5272796117155265	NA	NA	NA
sóder	0.9842054240536064	Poss.1Sg	V	1	1	TRUE	1.1364217071680507	1.1017094199883335	1.4647855863902324	1.4102110443861198	1.16143557238133	1.9332398204525754	0.7438144784588202	NA	1.5973279087968308	-0.3630761664018962	-0.7718042480712342
zacsek	-0.3396988174375006	Dat	C	1	1	TRUE	3.6244971456701296	2.9106480846070695	5.246862817605292	3.9210196163991964	3.4065910681601856	5.274090178346253	-0.2774614553759155	-0.3906857246386013	NA	-2.336214732998215	-1.867499110186074
ájer	-0.2655319315680039	Poss.3Sg	C	1	1	TRUE	1.040714145595206	1.0136483709389403	NA	1.6098107000337403	1.3281556259576042	NA	0.34265423359786434	0.449770007868573	-0.11457998858783418	NA	NA
